Date,half,Lineup,timex,timey,2ptA,name,2ptM,name,3ptA,name,3ptM,name,FGA,name,FGM,name,FTA,name,"FTM,",name,OREB,name,DREB,name,Asst,name,TOV,name,Steal,name,Foul,name,Block,name,Pts,name,opp_2ptA,opp_2ptM,opp_3ptA,opp_3ptM,opp_FGA,opp_FGM,opp_FTA,opp_FTMf,opp_OREB,opp_DREB,opp_Asst,opp_TOV,opp_Steal,opp_Foul,opp_Block,opp_Pts
20181208,1,"['casey,bobby', 'feinberg,henry', 'heskett,james', 'karpowicz,matt', 'scadlock,kyle']",20:00,19:47,1,"karpowicz,matt",1,"karpowicz,matt",0,,0,,1,"karpowicz,matt",1,"karpowicz,matt",0,,0,,0,,0,,0,,0,,0,,0,,0,,2,"karpowicz,matt",0,0,0,0,0,0,0,0,0,0,0,0,0,0,0,0
20181208,1,"['casey,bobby', 'feinberg,henry', 'heskett,james', 'karpowicz,matt', 'scadlock,kyle']",19:47,19:41,0,,0,,0,,0,,0,,0,,0,,0,,0,,0,,1,"casey,bobby",0,,0,,0,,0,,0,,0,0,0,0,0,0,0,0,0,0,0,0,0,0,0,0
20181208,1,"['casey,bobby', 'feinberg,henry', 'heskett,james', 'karpowicz,matt', 'scadlock,kyle']",19:41,19:30,0,,0,,0,,0,,0,,0,,0,,0,,0,,0,,0,,0,,0,,0,,0,,0,,0,0,0,0,0,0,0,0,0,0,0,1,0,0,0,0
20181208,1,"['casey,bobby', 'feinberg,henry', 'heskett,james', 'karpowicz,matt', 'scadlock,kyle']",19:30,19:13,1,"scadlock,kyle",1,"scadlock,kyle",0,,0,,1,"scadlock,kyle",1,"scadlock,kyle",0,,0,,0,,0,,0,,0,,0,,0,,0,,2,"scadlock,kyle",0,0,0,0,0,0,0,0,0,0,0,0,0,0,0,0
20181208,1,"['casey,bobby', 'feinberg,henry', 'heskett,james', 'karpowicz,matt', 'scadlock,kyle']",19:13,19:13,0,,0,,0,,0,,0,,0,,0,,0,,0,,0,,1,"karpowicz,matt",0,,0,,0,,0,,0,,0,0,0,0,0,0,0,0,0,0,0,0,0,0,0,0
20181208,1,"['casey,bobby', 'feinberg,henry', 'heskett,james', 'karpowicz,matt', 'scadlock,kyle']",19:13,18:56,0,,0,,0,,0,,0,,0,,0,,0,,0,,0,,0,,0,,0,,0,,0,,0,,1,1,0,0,1,1,0,0,0,0,0,0,0,0,0,2
20181208,1,"['casey,bobby', 'feinberg,henry', 'heskett,james', 'karpowicz,matt', 'scadlock,kyle']",18:56,18:56,0,,0,,0,,0,,0,,0,,0,,0,,0,,0,,0,,0,,0,,0,,0,,0,,0,0,0,0,0,0,0,0,0,0,1,0,0,0,0,0
20181208,1,"['casey,bobby', 'feinberg,henry', 'heskett,james', 'karpowicz,matt', 'scadlock,kyle']",18:56,18:32,1,"karpowicz,matt",1,"karpowicz,matt",0,,0,,1,"karpowicz,matt",1,"karpowicz,matt",0,,0,,0,,0,,0,,0,,0,,0,,0,,2,"karpowicz,matt",0,0,0,0,0,0,0,0,0,0,0,0,0,0,0,0
20181208,1,"['casey,bobby', 'feinberg,henry', 'heskett,james', 'karpowicz,matt', 'scadlock,kyle']",18:32,18:32,0,,0,,0,,0,,0,,0,,0,,0,,0,,0,,1,"casey,bobby",0,,0,,0,,0,,0,,0,0,0,0,0,0,0,0,0,0,0,0,0,0,0,0
20181208,1,"['casey,bobby', 'feinberg,henry', 'heskett,james', 'karpowicz,matt', 'scadlock,kyle']",18:32,18:16,0,,0,,0,,0,,0,,0,,0,,0,,0,,0,,0,,0,,0,,0,,0,,0,,1,0,0,0,1,0,0,0,0,0,0,0,0,0,0,0
20181208,1,"['casey,bobby', 'feinberg,henry', 'heskett,james', 'karpowicz,matt', 'scadlock,kyle']",18:16,18:16,0,,0,,0,,0,,0,,0,,0,,0,,0,,1,"karpowicz,matt",0,,0,,0,,0,,0,,0,,0,0,0,0,0,0,0,0,0,0,0,0,0,0,0,0
20181208,1,"['casey,bobby', 'feinberg,henry', 'heskett,james', 'karpowicz,matt', 'scadlock,kyle']",18:16,18:10,0,,0,,1,"heskett,james",0,,1,"heskett,james",0,,0,,0,,0,,0,,0,,0,,0,,0,,0,,0,,0,0,0,0,0,0,0,0,0,0,0,0,0,0,0,0
20181208,1,"['casey,bobby', 'feinberg,henry', 'heskett,james', 'karpowicz,matt', 'scadlock,kyle']",18:10,18:10,0,,0,,0,,0,,0,,0,,0,,0,,0,,0,,0,,0,,0,,0,,0,,0,,0,0,0,0,0,0,0,0,0,0,0,0,0,0,1,0
20181208,1,"['casey,bobby', 'feinberg,henry', 'heskett,james', 'karpowicz,matt', 'scadlock,kyle']",18:10,18:09,0,,0,,0,,0,,0,,0,,0,,0,,0,,0,,0,,0,,0,,0,,0,,0,,0,0,0,0,0,0,0,0,0,1,0,0,0,0,0,0
20181208,1,"['casey,bobby', 'feinberg,henry', 'heskett,james', 'karpowicz,matt', 'scadlock,kyle']",18:09,17:56,0,,0,,0,,0,,0,,0,,0,,0,,0,,0,,0,,0,,0,,0,,0,,0,,0,0,0,0,0,0,0,0,0,0,0,1,0,0,0,0
20181208,1,"['casey,bobby', 'feinberg,henry', 'heskett,james', 'karpowicz,matt', 'scadlock,kyle']",17:56,17:45,0,,0,,0,,0,,0,,0,,0,,0,,0,,0,,0,,1,"casey,bobby",0,,0,,0,,0,,0,0,0,0,0,0,0,0,0,0,0,0,0,0,0,0
20181208,1,"['casey,bobby', 'feinberg,henry', 'heskett,james', 'karpowicz,matt', 'scadlock,kyle']",17:45,17:44,0,,0,,0,,0,,0,,0,,0,,0,,0,,0,,0,,0,,0,,0,,0,,0,,0,0,0,0,0,0,0,0,0,0,0,0,1,0,0,0
20181208,1,"['casey,bobby', 'feinberg,henry', 'heskett,james', 'karpowicz,matt', 'scadlock,kyle']",17:44,17:41,0,,0,,0,,0,,0,,0,,0,,0,,0,,0,,0,,0,,0,,0,,0,,0,,0,0,1,0,1,0,0,0,0,0,0,0,0,0,0,0
20181208,1,"['casey,bobby', 'feinberg,henry', 'heskett,james', 'karpowicz,matt', 'scadlock,kyle']",17:41,17:41,0,,0,,0,,0,,0,,0,,0,,0,,0,,1,"karpowicz,matt",0,,0,,0,,0,,0,,0,,0,0,0,0,0,0,0,0,0,0,0,0,0,0,0,0
20181208,1,"['casey,bobby', 'feinberg,henry', 'heskett,james', 'karpowicz,matt', 'scadlock,kyle']",17:41,17:31,0,,0,,0,,0,,0,,0,,0,,0,,0,,0,,0,,0,,0,,0,,0,,0,,0,0,0,0,0,0,0,0,0,0,0,0,0,1,0,0
20181208,1,"['casey,bobby', 'feinberg,henry', 'heskett,james', 'karpowicz,matt', 'scadlock,kyle']",17:31,17:24,0,,0,,0,,0,,0,,0,,0,,0,,0,,0,,0,,0,,0,,0,,0,,0,,0,0,0,0,0,0,0,0,0,0,0,0,0,1,0,0
20181208,1,"['casey,bobby', 'feinberg,henry', 'heskett,james', 'karpowicz,matt', 'scadlock,kyle']",17:24,17:24,0,,0,,0,,0,,0,,0,,1,"scadlock,kyle",1,"scadlock,kyle",0,,0,,0,,0,,0,,0,,0,,1,"scadlock,kyle",0,0,0,0,0,0,0,0,0,0,0,0,0,0,0,0
20181208,1,"['casey,bobby', 'feinberg,henry', 'heskett,james', 'karpowicz,matt', 'scadlock,kyle']",17:24,17:24,0,,0,,0,,0,,0,,0,,1,"scadlock,kyle",0,,0,,0,,0,,0,,0,,0,,0,,0,,0,0,0,0,0,0,0,0,0,0,0,0,0,0,0,0
20181208,1,"['casey,bobby', 'feinberg,henry', 'heskett,james', 'karpowicz,matt', 'scadlock,kyle']",17:24,17:24,0,,0,,0,,0,,0,,0,,0,,0,,0,,0,,0,,0,,0,,0,,0,,0,,0,0,0,0,0,0,0,0,0,1,0,0,0,0,0,0
20181208,1,"['casey,bobby', 'feinberg,henry', 'heskett,james', 'karpowicz,matt', 'scadlock,kyle']",17:24,17:12,0,,0,,0,,0,,0,,0,,0,,0,,0,,0,,0,,0,,0,,0,,0,,0,,1,0,0,0,1,0,0,0,0,0,0,0,0,0,0,0
20181208,1,"['casey,bobby', 'feinberg,henry', 'heskett,james', 'karpowicz,matt', 'scadlock,kyle']",17:12,17:12,0,,0,,0,,0,,0,,0,,0,,0,,0,,1,"scadlock,kyle",0,,0,,0,,0,,0,,0,,0,0,0,0,0,0,0,0,0,0,0,0,0,0,0,0
20181208,1,"['casey,bobby', 'feinberg,henry', 'heskett,james', 'karpowicz,matt', 'scadlock,kyle']",17:12,17:01,1,"heskett,james",1,"heskett,james",0,,0,,1,"heskett,james",1,"heskett,james",0,,0,,0,,0,,0,,0,,0,,0,,0,,2,"heskett,james",0,0,0,0,0,0,0,0,0,0,0,0,0,0,0,0
20181208,1,"['casey,bobby', 'feinberg,henry', 'heskett,james', 'karpowicz,matt', 'scadlock,kyle']",17:01,16:41,0,,0,,0,,0,,0,,0,,0,,0,,0,,0,,0,,0,,0,,0,,0,,0,,1,0,0,0,1,0,0,0,0,0,0,0,0,0,0,0
20181208,1,"['casey,bobby', 'feinberg,henry', 'heskett,james', 'karpowicz,matt', 'scadlock,kyle']",16:41,16:41,0,,0,,0,,0,,0,,0,,0,,0,,0,,1,"scadlock,kyle",0,,0,,0,,0,,0,,0,,0,0,0,0,0,0,0,0,0,0,0,0,0,0,0,0
20181208,1,"['casey,bobby', 'feinberg,henry', 'heskett,james', 'karpowicz,matt', 'scadlock,kyle']",16:41,16:28,0,,0,,0,,0,,0,,0,,0,,0,,0,,0,,0,,0,,0,,0,,0,,0,,0,0,0,0,0,0,0,0,0,0,0,0,0,1,0,0
20181208,1,"['casey,bobby', 'feinberg,henry', 'heskett,james', 'karpowicz,matt', 'scadlock,kyle']",16:28,16:28,0,,0,,0,,0,,0,,0,,1,"scadlock,kyle",1,"scadlock,kyle",0,,0,,0,,0,,0,,0,,0,,1,"scadlock,kyle",0,0,0,0,0,0,0,0,0,0,0,0,0,0,0,0
20181208,1,"['casey,bobby', 'feinberg,henry', 'heskett,james', 'karpowicz,matt', 'scadlock,kyle']",16:28,16:28,0,,0,,0,,0,,0,,0,,1,"scadlock,kyle",0,,0,,0,,0,,0,,0,,0,,0,,0,,0,0,0,0,0,0,0,0,0,0,0,0,0,0,0,0
20181208,1,"['casey,bobby', 'feinberg,henry', 'heskett,james', 'karpowicz,matt', 'scadlock,kyle']",16:28,16:28,0,,0,,0,,0,,0,,0,,0,,0,,0,,0,,0,,0,,0,,0,,0,,0,,0,0,0,0,0,0,0,0,0,1,0,0,0,0,0,0
20181208,1,"['casey,bobby', 'feinberg,henry', 'heskett,james', 'karpowicz,matt', 'scadlock,kyle']",16:28,16:19,0,,0,,0,,0,,0,,0,,0,,0,,0,,0,,0,,0,,0,,0,,0,,0,,0,0,1,0,1,0,0,0,0,0,0,0,0,0,0,0
20181208,1,"['casey,bobby', 'feinberg,henry', 'heskett,james', 'karpowicz,matt', 'scadlock,kyle']",16:19,16:19,0,,0,,0,,0,,0,,0,,0,,0,,0,,0,,0,,0,,0,,0,,0,,0,,0,0,0,0,0,0,0,0,1,0,0,0,0,0,0,0
20181208,1,"['casey,bobby', 'feinberg,henry', 'heskett,james', 'karpowicz,matt', 'scadlock,kyle']",16:19,16:00,0,,0,,0,,0,,0,,0,,0,,0,,0,,0,,0,,0,,0,,0,,0,,0,,0,0,1,0,1,0,0,0,0,0,0,0,0,0,0,0
20181208,1,"['casey,bobby', 'feinberg,henry', 'heskett,james', 'karpowicz,matt', 'scadlock,kyle']",16:00,16:00,0,,0,,0,,0,,0,,0,,0,,0,,0,,1,"karpowicz,matt",0,,0,,0,,0,,0,,0,,0,0,0,0,0,0,0,0,0,0,0,0,0,0,0,0
20181208,1,"['casey,bobby', 'feinberg,henry', 'heskett,james', 'karpowicz,matt', 'scadlock,kyle']",16:00,15:50,0,,0,,1,"heskett,james",1,"heskett,james",1,"heskett,james",1,"heskett,james",0,,0,,0,,0,,0,,0,,0,,0,,0,,3,"heskett,james",0,0,0,0,0,0,0,0,0,0,0,0,0,0,0,0
20181208,1,"['casey,bobby', 'feinberg,henry', 'heskett,james', 'karpowicz,matt', 'scadlock,kyle']",15:50,15:50,0,,0,,0,,0,,0,,0,,0,,0,,0,,0,,1,"scadlock,kyle",0,,0,,0,,0,,0,,0,0,0,0,0,0,0,0,0,0,0,0,0,0,0,0
20181208,1,"['casey,bobby', 'feinberg,henry', 'heskett,james', 'karpowicz,matt', 'scadlock,kyle']",15:50,15:26,0,,0,,0,,0,,0,,0,,0,,0,,0,,0,,0,,0,,0,,1,"heskett,james",0,,0,,0,0,0,0,0,0,0,0,0,0,0,0,0,0,0,0
20181208,1,"['casey,bobby', 'feinberg,henry', 'heskett,james', 'kempton,michael', 'scadlock,kyle']",15:26,15:20,0,,0,,0,,0,,0,,0,,0,,0,,0,,0,,0,,0,,0,,0,,0,,0,,1,1,0,0,1,1,0,0,0,0,0,0,0,0,0,2
20181208,1,"['casey,bobby', 'feinberg,henry', 'heskett,james', 'kempton,michael', 'scadlock,kyle']",15:20,15:06,1,"feinberg,henry",0,,0,,0,,1,"feinberg,henry",0,,0,,0,,0,,0,,0,,0,,0,,0,,0,,0,,0,0,0,0,0,0,0,0,0,0,0,0,0,0,0,0
20181208,1,"['casey,bobby', 'feinberg,henry', 'heskett,james', 'kempton,michael', 'scadlock,kyle']",15:06,15:06,0,,0,,0,,0,,0,,0,,0,,0,,0,,0,,0,,0,,0,,0,,0,,0,,0,0,0,0,0,0,0,0,0,1,0,0,0,0,0,0
20181208,1,"['casey,bobby', 'feinberg,henry', 'heskett,james', 'kempton,michael', 'scadlock,kyle']",15:06,14:48,0,,0,,0,,0,,0,,0,,0,,0,,0,,0,,0,,0,,0,,0,,0,,0,,0,0,1,0,1,0,0,0,0,0,0,0,0,0,0,0
20181208,1,"['casey,bobby', 'feinberg,henry', 'heskett,james', 'kempton,michael', 'scadlock,kyle']",14:48,14:48,0,,0,,0,,0,,0,,0,,0,,0,,0,,1,"scadlock,kyle",0,,0,,0,,0,,0,,0,,0,0,0,0,0,0,0,0,0,0,0,0,0,0,0,0
20181208,1,"['casey,bobby', 'feinberg,henry', 'heskett,james', 'kempton,michael', 'scadlock,kyle']",14:48,14:41,0,,0,,0,,0,,0,,0,,0,,0,,0,,0,,0,,0,,0,,0,,0,,0,,0,0,0,0,0,0,0,0,0,0,0,0,0,1,0,0
20181208,1,"['babek,mickey', 'casey,bobby', 'heskett,james', 'kempton,michael', 'soto,marcos']",14:41,14:39,0,,0,,1,"heskett,james",0,,1,"heskett,james",0,,0,,0,,0,,0,,0,,0,,0,,0,,0,,0,,0,0,0,0,0,0,0,0,0,0,0,0,0,0,0,0
20181208,1,"['babek,mickey', 'casey,bobby', 'heskett,james', 'kempton,michael', 'soto,marcos']",14:39,14:39,0,,0,,0,,0,,0,,0,,0,,0,,0,,0,,0,,0,,0,,0,,0,,0,,0,0,0,0,0,0,0,0,0,1,0,0,0,0,0,0
20181208,1,"['babek,mickey', 'casey,bobby', 'heskett,james', 'kempton,michael', 'soto,marcos']",14:39,14:08,0,,0,,0,,0,,0,,0,,0,,0,,0,,0,,0,,0,,0,,0,,0,,0,,0,0,0,0,0,0,0,0,0,0,0,1,0,0,0,0
20181208,1,"['babek,mickey', 'casey,bobby', 'heskett,james', 'kempton,michael', 'soto,marcos']",14:08,14:07,0,,0,,0,,0,,0,,0,,0,,0,,0,,0,,0,,0,,1,"heskett,james",0,,0,,0,,0,0,0,0,0,0,0,0,0,0,0,0,0,0,0,0
20181208,1,"['babek,mickey', 'casey,bobby', 'heskett,james', 'kempton,michael', 'soto,marcos']",14:07,13:58,0,,0,,1,"casey,bobby",0,,1,"casey,bobby",0,,0,,0,,0,,0,,0,,0,,0,,0,,0,,0,,0,0,0,0,0,0,0,0,0,0,0,0,0,0,0,0
20181208,1,"['babek,mickey', 'casey,bobby', 'heskett,james', 'kempton,michael', 'soto,marcos']",13:58,13:58,0,,0,,0,,0,,0,,0,,0,,0,,0,,0,,0,,0,,0,,0,,0,,0,,0,0,0,0,0,0,0,0,0,1,0,0,0,0,0,0
20181208,1,"['babek,mickey', 'casey,bobby', 'heskett,james', 'kempton,michael', 'soto,marcos']",13:58,13:37,0,,0,,0,,0,,0,,0,,0,,0,,0,,0,,0,,0,,0,,0,,0,,0,,0,0,0,0,0,0,0,0,0,0,0,1,0,0,0,0
20181208,1,"['babek,mickey', 'casey,bobby', 'heskett,james', 'kempton,michael', 'soto,marcos']",13:37,13:36,0,,0,,0,,0,,0,,0,,0,,0,,0,,0,,0,,0,,1,"babek,mickey",0,,0,,0,,0,0,0,0,0,0,0,0,0,0,0,0,0,0,0,0
20181208,1,"['babek,mickey', 'casey,bobby', 'heskett,james', 'kempton,michael', 'soto,marcos']",13:36,13:33,1,"babek,mickey",1,"babek,mickey",0,,0,,1,"babek,mickey",1,"babek,mickey",0,,0,,0,,0,,0,,0,,0,,0,,0,,2,"babek,mickey",0,0,0,0,0,0,0,0,0,0,0,0,0,0,0,0
20181208,1,"['babek,mickey', 'casey,bobby', 'heskett,james', 'kempton,michael', 'soto,marcos']",13:33,13:17,0,,0,,0,,0,,0,,0,,0,,0,,0,,0,,0,,0,,0,,0,,0,,0,,0,0,1,0,1,0,0,0,0,0,0,0,0,0,0,0
20181208,1,"['babek,mickey', 'casey,bobby', 'heskett,james', 'kempton,michael', 'soto,marcos']",13:17,13:17,0,,0,,0,,0,,0,,0,,0,,0,,0,,1,"soto,marcos",0,,0,,0,,0,,0,,0,,0,0,0,0,0,0,0,0,0,0,0,0,0,0,0,0
20181208,1,"['babek,mickey', 'casey,bobby', 'heskett,james', 'kempton,michael', 'soto,marcos']",13:17,12:58,0,,0,,1,"casey,bobby",0,,1,"casey,bobby",0,,0,,0,,0,,0,,0,,0,,0,,0,,0,,0,,0,0,0,0,0,0,0,0,0,0,0,0,0,0,0,0
20181208,1,"['babek,mickey', 'casey,bobby', 'heskett,james', 'kempton,michael', 'soto,marcos']",12:58,12:58,0,,0,,0,,0,,0,,0,,0,,0,,0,,0,,0,,0,,0,,0,,0,,0,,0,0,0,0,0,0,0,0,0,1,0,0,0,0,0,0
20181208,1,"['babek,mickey', 'casey,bobby', 'heskett,james', 'kempton,michael', 'soto,marcos']",12:58,12:47,0,,0,,0,,0,,0,,0,,0,,0,,0,,0,,0,,0,,0,,0,,0,,0,,0,0,1,1,1,1,0,0,0,0,0,0,0,0,0,3
20181208,1,"['babek,mickey', 'casey,bobby', 'heskett,james', 'kempton,michael', 'soto,marcos']",12:47,12:47,0,,0,,0,,0,,0,,0,,0,,0,,0,,0,,0,,0,,0,,0,,0,,0,,0,0,0,0,0,0,0,0,0,0,1,0,0,0,0,0
20181208,1,"['babek,mickey', 'casey,bobby', 'heskett,james', 'kempton,michael', 'soto,marcos']",12:47,12:17,1,"heskett,james",0,,0,,0,,1,"heskett,james",0,,0,,0,,0,,0,,0,,0,,0,,0,,0,,0,,0,0,0,0,0,0,0,0,0,0,0,0,0,0,0,0
20181208,1,"['babek,mickey', 'casey,bobby', 'heskett,james', 'kempton,michael', 'soto,marcos']",12:17,12:17,0,,0,,0,,0,,0,,0,,0,,0,,0,,0,,0,,0,,0,,0,,0,,0,,0,0,0,0,0,0,0,0,0,1,0,0,0,0,0,0
20181208,1,"['babek,mickey', 'casey,bobby', 'heskett,james', 'kempton,michael', 'soto,marcos']",12:17,12:03,0,,0,,0,,0,,0,,0,,0,,0,,0,,0,,0,,0,,0,,0,,0,,0,,1,1,0,0,1,1,0,0,0,0,0,0,0,0,0,2
20181208,1,"['babek,mickey', 'casey,bobby', 'heskett,james', 'kempton,michael', 'soto,marcos']",12:03,11:47,0,,0,,0,,0,,0,,0,,0,,0,,0,,0,,0,,0,,0,,0,,0,,0,,0,0,0,0,0,0,0,0,0,0,0,0,0,1,0,0
20181208,1,"['babek,mickey', 'feinberg,henry', 'karpowicz,matt', 'scadlock,kyle', 'taylor,marc']",11:47,11:39,1,"scadlock,kyle",1,"scadlock,kyle",0,,0,,1,"scadlock,kyle",1,"scadlock,kyle",0,,0,,0,,0,,0,,0,,0,,0,,0,,2,"scadlock,kyle",0,0,0,0,0,0,0,0,0,0,0,0,0,0,0,0
20181208,1,"['babek,mickey', 'feinberg,henry', 'karpowicz,matt', 'scadlock,kyle', 'taylor,marc']",11:39,11:39,0,,0,,0,,0,,0,,0,,0,,0,,0,,0,,1,"feinberg,henry",0,,0,,0,,0,,0,,0,0,0,0,0,0,0,0,0,0,0,0,0,0,0,0
20181208,1,"['babek,mickey', 'feinberg,henry', 'karpowicz,matt', 'scadlock,kyle', 'taylor,marc']",11:39,11:06,0,,0,,0,,0,,0,,0,,0,,0,,0,,0,,0,,0,,0,,0,,0,,0,,0,0,1,0,1,0,0,0,0,0,0,0,0,0,0,0
20181208,1,"['babek,mickey', 'feinberg,henry', 'karpowicz,matt', 'scadlock,kyle', 'taylor,marc']",11:06,11:06,0,,0,,0,,0,,0,,0,,0,,0,,0,,0,,0,,0,,0,,0,,0,,0,,0,0,0,0,0,0,0,0,1,0,0,0,0,0,0,0
20181208,1,"['babek,mickey', 'feinberg,henry', 'karpowicz,matt', 'scadlock,kyle', 'taylor,marc']",11:06,11:03,0,,0,,0,,0,,0,,0,,0,,0,,0,,0,,0,,0,,0,,0,,0,,0,,0,0,1,1,1,1,0,0,0,0,0,0,0,0,0,3
20181208,1,"['babek,mickey', 'feinberg,henry', 'karpowicz,matt', 'scadlock,kyle', 'taylor,marc']",11:03,11:03,0,,0,,0,,0,,0,,0,,0,,0,,0,,0,,0,,0,,0,,0,,0,,0,,0,0,0,0,0,0,0,0,0,0,1,0,0,0,0,0
20181208,1,"['babek,mickey', 'feinberg,henry', 'karpowicz,matt', 'scadlock,kyle', 'taylor,marc']",10:41,10:39,1,"karpowicz,matt",1,"karpowicz,matt",0,,0,,1,"karpowicz,matt",1,"karpowicz,matt",0,,0,,0,,0,,0,,0,,0,,0,,0,,2,"karpowicz,matt",0,0,0,0,0,0,0,0,0,0,0,0,0,0,0,0
20181208,1,"['babek,mickey', 'feinberg,henry', 'karpowicz,matt', 'scadlock,kyle', 'taylor,marc']",10:39,10:39,0,,0,,0,,0,,0,,0,,0,,0,,0,,0,,1,"babek,mickey",0,,0,,0,,0,,0,,0,0,0,0,0,0,0,0,0,0,0,0,0,0,0,0
20181208,1,"['babek,mickey', 'feinberg,henry', 'karpowicz,matt', 'scadlock,kyle', 'taylor,marc']",10:39,10:17,0,,0,,0,,0,,0,,0,,0,,0,,0,,0,,0,,0,,0,,0,,0,,0,,1,0,0,0,1,0,0,0,0,0,0,0,0,0,0,0
20181208,1,"['babek,mickey', 'feinberg,henry', 'karpowicz,matt', 'scadlock,kyle', 'taylor,marc']",10:17,10:17,0,,0,,0,,0,,0,,0,,0,,0,,0,,1,"scadlock,kyle",0,,0,,0,,0,,0,,0,,0,0,0,0,0,0,0,0,0,0,0,0,0,0,0,0
20181208,1,"['babek,mickey', 'feinberg,henry', 'karpowicz,matt', 'scadlock,kyle', 'taylor,marc']",10:17,10:00,0,,0,,0,,0,,0,,0,,0,,0,,0,,0,,0,,0,,0,,0,,0,,0,,0,0,0,0,0,0,0,0,0,0,0,0,0,1,0,0
20181208,1,"['casey,bobby', 'feinberg,henry', 'karpowicz,matt', 'scadlock,kyle', 'taylor,marc']",10:00,09:50,1,"karpowicz,matt",0,,0,,0,,1,"karpowicz,matt",0,,0,,0,,0,,0,,0,,0,,0,,0,,0,,0,,0,0,0,0,0,0,0,0,0,0,0,0,0,0,0,0
20181208,1,"['casey,bobby', 'feinberg,henry', 'karpowicz,matt', 'scadlock,kyle', 'taylor,marc']",09:50,09:50,0,,0,,0,,0,,0,,0,,0,,0,,0,,0,,0,,0,,0,,0,,0,,0,,0,0,0,0,0,0,0,0,0,1,0,0,0,0,0,0
20181208,1,"['casey,bobby', 'feinberg,henry', 'karpowicz,matt', 'scadlock,kyle', 'taylor,marc']",09:50,09:42,0,,0,,0,,0,,0,,0,,0,,0,,0,,0,,0,,0,,0,,0,,0,,0,,1,0,0,0,1,0,0,0,0,0,0,0,0,0,0,0
20181208,1,"['casey,bobby', 'feinberg,henry', 'karpowicz,matt', 'scadlock,kyle', 'taylor,marc']",09:42,09:42,0,,0,,0,,0,,0,,0,,0,,0,,0,,0,,0,,0,,0,,0,,0,,0,,0,0,0,0,0,0,0,0,1,0,0,0,0,0,0,0
20181208,1,"['casey,bobby', 'feinberg,henry', 'karpowicz,matt', 'scadlock,kyle', 'taylor,marc']",09:42,09:34,0,,0,,0,,0,,0,,0,,0,,0,,0,,0,,0,,0,,0,,0,,0,,0,,1,0,0,0,1,0,0,0,0,0,0,0,0,0,0,0
20181208,1,"['casey,bobby', 'feinberg,henry', 'karpowicz,matt', 'scadlock,kyle', 'taylor,marc']",09:34,09:34,0,,0,,0,,0,,0,,0,,0,,0,,0,,1,"scadlock,kyle",0,,0,,0,,0,,0,,0,,0,0,0,0,0,0,0,0,0,0,0,0,0,0,0,0
20181208,1,"['casey,bobby', 'feinberg,henry', 'karpowicz,matt', 'scadlock,kyle', 'taylor,marc']",09:34,09:17,1,"feinberg,henry",1,"feinberg,henry",0,,0,,1,"feinberg,henry",1,"feinberg,henry",0,,0,,0,,0,,0,,0,,0,,0,,0,,2,"feinberg,henry",0,0,0,0,0,0,0,0,0,0,0,0,0,0,0,0
20181208,1,"['casey,bobby', 'feinberg,henry', 'karpowicz,matt', 'scadlock,kyle', 'taylor,marc']",09:17,09:17,0,,0,,0,,0,,0,,0,,0,,0,,0,,0,,1,"scadlock,kyle",0,,0,,0,,0,,0,,0,0,0,0,0,0,0,0,0,0,0,0,0,0,0,0
20181208,1,"['casey,bobby', 'feinberg,henry', 'karpowicz,matt', 'scadlock,kyle', 'taylor,marc']",09:17,08:59,0,,0,,0,,0,,0,,0,,0,,0,,0,,0,,0,,0,,0,,0,,0,,0,,0,0,0,0,0,0,0,0,0,0,0,0,0,1,0,0
20181208,1,"['casey,bobby', 'feinberg,henry', 'karpowicz,matt', 'scadlock,kyle', 'taylor,marc']",08:59,08:59,0,,0,,0,,0,,0,,0,,0,,0,,0,,0,,0,,0,,0,,0,,0,,0,,0,0,0,0,0,0,0,0,0,0,0,1,0,0,0,0
20181208,1,"['casey,bobby', 'feinberg,henry', 'heskett,james', 'kempton,michael', 'scadlock,kyle']",08:59,08:51,1,"feinberg,henry",1,"feinberg,henry",0,,0,,1,"feinberg,henry",1,"feinberg,henry",0,,0,,0,,0,,0,,0,,0,,0,,0,,2,"feinberg,henry",0,0,0,0,0,0,0,0,0,0,0,0,0,0,0,0
20181208,1,"['casey,bobby', 'feinberg,henry', 'heskett,james', 'kempton,michael', 'scadlock,kyle']",08:51,08:51,0,,0,,0,,0,,0,,0,,0,,0,,0,,0,,1,"scadlock,kyle",0,,0,,0,,0,,0,,0,0,0,0,0,0,0,0,0,0,0,0,0,0,0,0
20181208,1,"['casey,bobby', 'feinberg,henry', 'heskett,james', 'kempton,michael', 'scadlock,kyle']",08:51,08:33,0,,0,,0,,0,,0,,0,,0,,0,,0,,0,,0,,0,,0,,0,,0,,0,,1,1,0,0,1,1,0,0,0,0,0,0,0,0,0,2
20181208,1,"['casey,bobby', 'feinberg,henry', 'heskett,james', 'kempton,michael', 'scadlock,kyle']",08:33,08:33,0,,0,,0,,0,,0,,0,,0,,0,,0,,0,,0,,0,,0,,0,,0,,0,,0,0,0,0,0,0,0,0,0,0,1,0,0,0,0,0
20181208,1,"['casey,bobby', 'feinberg,henry', 'heskett,james', 'kempton,michael', 'scadlock,kyle']",08:33,08:33,0,,0,,0,,0,,0,,0,,0,,0,,0,,0,,0,,0,,0,,1,"casey,bobby",0,,0,,0,0,0,0,0,0,0,0,0,0,0,0,0,0,0,0
20181208,1,"['casey,bobby', 'feinberg,henry', 'heskett,james', 'kempton,michael', 'scadlock,kyle']",08:33,08:33,0,,0,,0,,0,,0,,0,,0,,0,,0,,0,,0,,0,,0,,0,,0,,0,,0,0,0,0,0,0,1,1,0,0,0,0,0,0,0,1
20181208,1,"['casey,bobby', 'feinberg,henry', 'heskett,james', 'kempton,michael', 'scadlock,kyle']",08:33,08:18,1,"heskett,james",0,,0,,0,,1,"heskett,james",0,,0,,0,,0,,0,,0,,0,,0,,0,,0,,0,,0,0,0,0,0,0,0,0,0,0,0,0,0,0,0,0
20181208,1,"['casey,bobby', 'feinberg,henry', 'heskett,james', 'kempton,michael', 'scadlock,kyle']",08:18,08:18,0,,0,,0,,0,,0,,0,,0,,0,,0,,0,,0,,0,,0,,0,,0,,0,,0,0,0,0,0,0,0,0,0,0,0,0,0,0,1,0
20181208,1,"['casey,bobby', 'feinberg,henry', 'heskett,james', 'kempton,michael', 'scadlock,kyle']",08:18,08:16,0,,0,,0,,0,,0,,0,,0,,0,,0,,0,,0,,0,,0,,0,,0,,0,,0,0,0,0,0,0,0,0,0,1,0,0,0,0,0,0
20181208,1,"['casey,bobby', 'feinberg,henry', 'heskett,james', 'kempton,michael', 'scadlock,kyle']",08:16,08:11,0,,0,,0,,0,,0,,0,,0,,0,,0,,0,,0,,0,,0,,0,,0,,0,,1,0,0,0,1,0,0,0,0,0,0,0,0,0,0,0
20181208,1,"['casey,bobby', 'feinberg,henry', 'heskett,james', 'kempton,michael', 'scadlock,kyle']",08:11,08:11,0,,0,,0,,0,,0,,0,,0,,0,,0,,1,"scadlock,kyle",0,,0,,0,,0,,0,,0,,0,0,0,0,0,0,0,0,0,0,0,0,0,0,0,0
20181208,1,"['casey,bobby', 'feinberg,henry', 'heskett,james', 'kempton,michael', 'scadlock,kyle']",08:11,07:54,1,"heskett,james",0,,0,,0,,1,"heskett,james",0,,0,,0,,0,,0,,0,,0,,0,,0,,0,,0,,0,0,0,0,0,0,0,0,0,0,0,0,0,0,0,0
20181208,1,"['casey,bobby', 'feinberg,henry', 'heskett,james', 'kempton,michael', 'scadlock,kyle']",07:54,07:54,0,,0,,0,,0,,0,,0,,0,,0,,0,,0,,0,,0,,0,,0,,0,,0,,0,0,0,0,0,0,0,0,0,1,0,0,0,0,0,0
20181208,1,"['casey,bobby', 'feinberg,henry', 'heskett,james', 'kempton,michael', 'scadlock,kyle']",07:54,07:29,0,,0,,0,,0,,0,,0,,0,,0,,0,,0,,0,,0,,0,,0,,0,,0,,1,0,0,0,1,0,0,0,0,0,0,0,0,0,0,0
20181208,1,"['casey,bobby', 'feinberg,henry', 'heskett,james', 'kempton,michael', 'scadlock,kyle']",07:29,07:29,0,,0,,0,,0,,0,,0,,0,,0,,0,,1,"feinberg,henry",0,,0,,0,,0,,0,,0,,0,0,0,0,0,0,0,0,0,0,0,0,0,0,0,0
20181208,1,"['casey,bobby', 'feinberg,henry', 'heskett,james', 'kempton,michael', 'scadlock,kyle']",07:29,07:24,0,,0,,1,"heskett,james",0,,1,"heskett,james",0,,0,,0,,0,,0,,0,,0,,0,,0,,0,,0,,0,0,0,0,0,0,0,0,0,0,0,0,0,0,0,0
20181208,1,"['casey,bobby', 'feinberg,henry', 'heskett,james', 'kempton,michael', 'scadlock,kyle']",07:24,07:24,0,,0,,0,,0,,0,,0,,0,,0,,1,"scadlock,kyle",0,,0,,0,,0,,0,,0,,0,,0,0,0,0,0,0,0,0,0,0,0,0,0,0,0,0
20181208,1,"['casey,bobby', 'feinberg,henry', 'heskett,james', 'kempton,michael', 'scadlock,kyle']",07:24,07:18,1,"scadlock,kyle",0,,0,,0,,1,"scadlock,kyle",0,,0,,0,,0,,0,,0,,0,,0,,0,,0,,0,,0,0,0,0,0,0,0,0,0,0,0,0,0,0,0,0
20181208,1,"['casey,bobby', 'feinberg,henry', 'heskett,james', 'kempton,michael', 'scadlock,kyle']",07:18,07:18,0,,0,,0,,0,,0,,0,,0,,0,,0,,0,,0,,0,,0,,0,,0,,0,,0,0,0,0,0,0,0,0,0,0,0,0,0,0,1,0
20181208,1,"['casey,bobby', 'feinberg,henry', 'heskett,james', 'kempton,michael', 'scadlock,kyle']",07:18,07:16,0,,0,,0,,0,,0,,0,,0,,0,,1,team,0,,0,,0,,0,,0,,0,,0,,0,0,0,0,0,0,0,0,0,0,0,0,0,0,0,0
20181208,1,"['babek,mickey', 'casey,bobby', 'heskett,james', 'kempton,michael', 'soto,marcos']",07:15,07:09,0,,0,,1,"babek,mickey",1,"babek,mickey",1,"babek,mickey",1,"babek,mickey",0,,0,,0,,0,,0,,0,,0,,0,,0,,3,"babek,mickey",0,0,0,0,0,0,0,0,0,0,0,0,0,0,0,0
20181208,1,"['babek,mickey', 'casey,bobby', 'heskett,james', 'kempton,michael', 'soto,marcos']",07:09,07:09,0,,0,,0,,0,,0,,0,,0,,0,,0,,0,,1,"soto,marcos",0,,0,,0,,0,,0,,0,0,0,0,0,0,0,0,0,0,0,0,0,0,0,0
20181208,1,"['babek,mickey', 'casey,bobby', 'heskett,james', 'kempton,michael', 'soto,marcos']",07:09,06:50,0,,0,,0,,0,,0,,0,,0,,0,,0,,0,,0,,0,,0,,0,,0,,0,,0,0,1,0,1,0,0,0,0,0,0,0,0,0,0,0
20181208,1,"['babek,mickey', 'casey,bobby', 'heskett,james', 'kempton,michael', 'soto,marcos']",06:50,06:50,0,,0,,0,,0,,0,,0,,0,,0,,0,,1,"kempton,michael",0,,0,,0,,0,,0,,0,,0,0,0,0,0,0,0,0,0,0,0,0,0,0,0,0
20181208,1,"['babek,mickey', 'casey,bobby', 'heskett,james', 'kempton,michael', 'soto,marcos']",06:50,06:29,1,"casey,bobby",1,"casey,bobby",0,,0,,1,"casey,bobby",1,"casey,bobby",0,,0,,0,,0,,0,,0,,0,,0,,0,,2,"casey,bobby",0,0,0,0,0,0,0,0,0,0,0,0,0,0,0,0
20181208,1,"['babek,mickey', 'casey,bobby', 'heskett,james', 'kempton,michael', 'soto,marcos']",06:29,06:14,0,,0,,0,,0,,0,,0,,0,,0,,0,,0,,0,,0,,0,,0,,0,,0,,0,0,1,0,1,0,0,0,0,0,0,0,0,0,0,0
20181208,1,"['babek,mickey', 'casey,bobby', 'heskett,james', 'kempton,michael', 'soto,marcos']",06:14,06:14,0,,0,,0,,0,,0,,0,,0,,0,,0,,1,"casey,bobby",0,,0,,0,,0,,0,,0,,0,0,0,0,0,0,0,0,0,0,0,0,0,0,0,0
20181208,1,"['babek,mickey', 'casey,bobby', 'heskett,james', 'kempton,michael', 'soto,marcos']",06:14,06:04,0,,0,,1,"casey,bobby",1,"casey,bobby",1,"casey,bobby",1,"casey,bobby",0,,0,,0,,0,,0,,0,,0,,0,,0,,3,"casey,bobby",0,0,0,0,0,0,0,0,0,0,0,0,0,0,0,0
20181208,1,"['babek,mickey', 'casey,bobby', 'heskett,james', 'kempton,michael', 'soto,marcos']",06:04,05:42,0,,0,,0,,0,,0,,0,,0,,0,,0,,0,,0,,0,,0,,0,,0,,0,,0,0,1,0,1,0,0,0,0,0,0,0,0,0,0,0
20181208,1,"['babek,mickey', 'casey,bobby', 'heskett,james', 'kempton,michael', 'soto,marcos']",05:42,05:42,0,,0,,0,,0,,0,,0,,0,,0,,0,,1,"casey,bobby",0,,0,,0,,0,,0,,0,,0,0,0,0,0,0,0,0,0,0,0,0,0,0,0,0
20181208,1,"['babek,mickey', 'casey,bobby', 'heskett,james', 'kempton,michael', 'soto,marcos']",05:42,05:28,1,"heskett,james",0,,0,,0,,1,"heskett,james",0,,0,,0,,0,,0,,0,,0,,0,,0,,0,,0,,0,0,0,0,0,0,0,0,0,0,0,0,0,0,0,0
20181208,1,"['babek,mickey', 'casey,bobby', 'heskett,james', 'kempton,michael', 'soto,marcos']",05:28,05:28,0,,0,,0,,0,,0,,0,,0,,0,,0,,0,,0,,0,,0,,0,,0,,0,,0,0,0,0,0,0,0,0,0,1,0,0,0,0,0,0
20181208,1,"['babek,mickey', 'casey,bobby', 'heskett,james', 'kempton,michael', 'soto,marcos']",05:28,05:19,0,,0,,0,,0,,0,,0,,0,,0,,0,,0,,0,,0,,0,,0,,0,,0,,1,1,0,0,1,1,0,0,0,0,0,0,0,0,0,2
20181208,1,"['babek,mickey', 'feinberg,henry', 'heskett,james', 'karpowicz,matt', 'scadlock,kyle']",05:17,05:04,0,,0,,0,,0,,0,,0,,0,,0,,0,,0,,0,,1,"karpowicz,matt",0,,0,,0,,0,,0,0,0,0,0,0,0,0,0,0,0,0,0,0,0,0
20181208,1,"['babek,mickey', 'feinberg,henry', 'heskett,james', 'karpowicz,matt', 'scadlock,kyle']",05:04,04:36,0,,0,,0,,0,,0,,0,,0,,0,,0,,0,,0,,0,,0,,0,,0,,0,,0,0,1,0,1,0,0,0,0,0,0,0,0,0,0,0
20181208,1,"['babek,mickey', 'feinberg,henry', 'heskett,james', 'karpowicz,matt', 'scadlock,kyle']",04:36,04:36,0,,0,,0,,0,,0,,0,,0,,0,,0,,1,"scadlock,kyle",0,,0,,0,,0,,0,,0,,0,0,0,0,0,0,0,0,0,0,0,0,0,0,0,0
20181208,1,"['babek,mickey', 'feinberg,henry', 'heskett,james', 'karpowicz,matt', 'scadlock,kyle']",04:36,04:22,0,,0,,0,,0,,0,,0,,0,,0,,0,,0,,0,,1,"feinberg,henry",0,,0,,0,,0,,0,0,0,0,0,0,0,0,0,0,0,0,0,0,0,0
20181208,1,"['babek,mickey', 'feinberg,henry', 'heskett,james', 'karpowicz,matt', 'scadlock,kyle']",04:22,04:22,0,,0,,0,,0,,0,,0,,0,,0,,0,,0,,0,,0,,0,,1,"feinberg,henry",0,,0,,0,0,0,0,0,0,0,0,0,0,0,0,0,0,0,0
20181208,1,"['casey,bobby', 'feinberg,henry', 'heskett,james', 'kempton,michael', 'scadlock,kyle']",04:22,03:54,0,,0,,0,,0,,0,,0,,0,,0,,0,,0,,0,,0,,0,,0,,0,,0,,0,0,1,0,1,0,0,0,0,0,0,0,0,0,0,0
20181208,1,"['casey,bobby', 'feinberg,henry', 'heskett,james', 'kempton,michael', 'scadlock,kyle']",03:54,03:54,0,,0,,0,,0,,0,,0,,0,,0,,0,,1,"feinberg,henry",0,,0,,0,,0,,0,,0,,0,0,0,0,0,0,0,0,0,0,0,0,0,0,0,0
20181208,1,"['casey,bobby', 'feinberg,henry', 'heskett,james', 'kempton,michael', 'scadlock,kyle']",03:54,03:44,0,,0,,0,,0,,0,,0,,0,,0,,0,,0,,0,,0,,0,,0,,0,,0,,0,0,0,0,0,0,0,0,0,0,0,0,0,1,0,0
20181208,1,"['casey,bobby', 'feinberg,henry', 'heskett,james', 'kempton,michael', 'scadlock,kyle']",03:44,03:44,0,,0,,0,,0,,0,,0,,1,"casey,bobby",1,"casey,bobby",0,,0,,0,,0,,0,,0,,0,,1,"casey,bobby",0,0,0,0,0,0,0,0,0,0,0,0,0,0,0,0
20181208,1,"['casey,bobby', 'feinberg,henry', 'heskett,james', 'kempton,michael', 'scadlock,kyle']",03:44,03:44,0,,0,,0,,0,,0,,0,,1,"casey,bobby",1,"casey,bobby",0,,0,,0,,0,,0,,0,,0,,1,"casey,bobby",0,0,0,0,0,0,0,0,0,0,0,0,0,0,0,0
20181208,1,"['casey,bobby', 'feinberg,henry', 'heskett,james', 'kempton,michael', 'scadlock,kyle']",03:44,03:36,0,,0,,0,,0,,0,,0,,0,,0,,0,,0,,0,,0,,0,,0,,0,,0,,1,1,0,0,1,1,0,0,0,0,0,0,0,0,0,2
20181208,1,"['casey,bobby', 'feinberg,henry', 'heskett,james', 'kempton,michael', 'scadlock,kyle']",03:36,03:36,0,,0,,0,,0,,0,,0,,0,,0,,0,,0,,0,,0,,0,,0,,0,,0,,0,0,0,0,0,0,0,0,0,0,1,0,0,0,0,0
20181208,1,"['casey,bobby', 'feinberg,henry', 'heskett,james', 'kempton,michael', 'scadlock,kyle']",03:36,03:21,0,,0,,0,,0,,0,,0,,0,,0,,0,,0,,0,,0,,0,,0,,0,,0,,0,0,0,0,0,0,0,0,0,0,0,0,0,1,0,0
20181208,1,"['casey,bobby', 'feinberg,henry', 'heskett,james', 'kempton,michael', 'scadlock,kyle']",03:21,03:21,0,,0,,0,,0,,0,,0,,1,"feinberg,henry",1,"feinberg,henry",0,,0,,0,,0,,0,,0,,0,,1,"feinberg,henry",0,0,0,0,0,0,0,0,0,0,0,0,0,0,0,0
20181208,1,"['casey,bobby', 'feinberg,henry', 'heskett,james', 'kempton,michael', 'scadlock,kyle']",03:21,03:21,0,,0,,0,,0,,0,,0,,1,"feinberg,henry",1,"feinberg,henry",0,,0,,0,,0,,0,,0,,0,,1,"feinberg,henry",0,0,0,0,0,0,0,0,0,0,0,0,0,0,0,0
20181208,1,"['casey,bobby', 'feinberg,henry', 'heskett,james', 'kempton,michael', 'scadlock,kyle']",03:21,03:04,0,,0,,0,,0,,0,,0,,0,,0,,0,,0,,0,,0,,0,,0,,0,,0,,0,0,0,0,0,0,0,0,0,0,0,1,0,0,0,0
20181208,1,"['casey,bobby', 'feinberg,henry', 'heskett,james', 'kempton,michael', 'scadlock,kyle']",03:04,03:03,0,,0,,0,,0,,0,,0,,0,,0,,0,,0,,0,,0,,1,"heskett,james",0,,0,,0,,0,0,0,0,0,0,0,0,0,0,0,0,0,0,0,0
20181208,1,"['casey,bobby', 'feinberg,henry', 'heskett,james', 'kempton,michael', 'scadlock,kyle']",03:03,02:58,0,,0,,0,,0,,0,,0,,0,,0,,0,,0,,0,,1,"casey,bobby",0,,0,,0,,0,,0,0,0,0,0,0,0,0,0,0,0,0,0,0,0,0
20181208,1,"['casey,bobby', 'feinberg,henry', 'heskett,james', 'kempton,michael', 'scadlock,kyle']",02:58,02:58,0,,0,,0,,0,,0,,0,,0,,0,,0,,0,,0,,0,,0,,0,,0,,0,,0,0,0,0,0,0,0,0,0,0,0,0,1,0,0,0
20181208,1,"['casey,bobby', 'feinberg,henry', 'heskett,james', 'kempton,michael', 'scadlock,kyle']",02:58,02:52,0,,0,,0,,0,,0,,0,,0,,0,,0,,0,,0,,0,,0,,1,"kempton,michael",0,,0,,0,0,0,0,0,0,0,0,0,0,0,0,0,0,0,0
20181208,1,"['casey,bobby', 'feinberg,henry', 'heskett,james', 'kempton,michael', 'scadlock,kyle']",02:52,02:52,0,,0,,0,,0,,0,,0,,0,,0,,0,,0,,0,,0,,0,,0,,0,,0,,0,0,0,0,0,0,1,1,0,0,0,0,0,0,0,1
20181208,1,"['casey,bobby', 'feinberg,henry', 'heskett,james', 'kempton,michael', 'scadlock,kyle']",02:52,02:52,0,,0,,0,,0,,0,,0,,0,,0,,0,,0,,0,,0,,0,,0,,0,,0,,0,0,0,0,0,0,1,1,0,0,0,0,0,0,0,1
20181208,1,"['casey,bobby', 'feinberg,henry', 'heskett,james', 'karpowicz,matt', 'scadlock,kyle']",02:52,02:47,0,,0,,0,,0,,0,,0,,0,,0,,0,,0,,0,,1,"scadlock,kyle",0,,0,,0,,0,,0,0,0,0,0,0,0,0,0,0,0,0,0,0,0,0
20181208,1,"['casey,bobby', 'feinberg,henry', 'heskett,james', 'karpowicz,matt', 'scadlock,kyle']",02:47,02:23,0,,0,,0,,0,,0,,0,,0,,0,,0,,0,,0,,0,,0,,1,"scadlock,kyle",0,,0,,0,0,0,0,0,0,0,0,0,0,0,0,0,0,0,0
20181208,1,"['casey,bobby', 'feinberg,henry', 'heskett,james', 'karpowicz,matt', 'scadlock,kyle']",02:23,02:20,0,,0,,0,,0,,0,,0,,0,,0,,0,,0,,0,,0,,0,,0,,0,,0,,0,0,1,0,1,0,0,0,0,0,0,0,0,0,0,0
20181208,1,"['casey,bobby', 'feinberg,henry', 'heskett,james', 'karpowicz,matt', 'scadlock,kyle']",02:20,02:20,0,,0,,0,,0,,0,,0,,0,,0,,0,,1,"heskett,james",0,,0,,0,,0,,0,,0,,0,0,0,0,0,0,0,0,0,0,0,0,0,0,0,0
20181208,1,"['casey,bobby', 'feinberg,henry', 'heskett,james', 'karpowicz,matt', 'scadlock,kyle']",02:20,02:09,0,,0,,0,,0,,0,,0,,0,,0,,0,,0,,0,,0,,0,,0,,0,,0,,0,0,0,0,0,0,0,0,0,0,0,0,0,1,0,0
20181208,1,"['casey,bobby', 'feinberg,henry', 'heskett,james', 'karpowicz,matt', 'scadlock,kyle']",02:09,02:09,0,,0,,0,,0,,0,,0,,1,"scadlock,kyle",0,,0,,0,,0,,0,,0,,0,,0,,0,,0,0,0,0,0,0,0,0,0,0,0,0,0,0,0,0
20181208,1,"['casey,bobby', 'feinberg,henry', 'heskett,james', 'karpowicz,matt', 'scadlock,kyle']",02:09,02:09,0,,0,,0,,0,,0,,0,,1,"scadlock,kyle",1,"scadlock,kyle",0,,0,,0,,0,,0,,0,,0,,1,"scadlock,kyle",0,0,0,0,0,0,0,0,0,0,0,0,0,0,0,0
20181208,1,"['casey,bobby', 'feinberg,henry', 'heskett,james', 'kempton,michael', 'scadlock,kyle']",02:09,01:41,0,,0,,0,,0,,0,,0,,0,,0,,0,,0,,0,,0,,0,,0,,0,,0,,1,1,0,0,1,1,0,0,0,0,0,0,0,0,0,2
20181208,1,"['casey,bobby', 'feinberg,henry', 'heskett,james', 'kempton,michael', 'scadlock,kyle']",01:41,01:25,0,,0,,0,,0,,0,,0,,0,,0,,0,,0,,0,,1,"feinberg,henry",0,,0,,0,,0,,0,0,0,0,0,0,0,0,0,0,0,0,0,0,0,0
20181208,1,"['casey,bobby', 'feinberg,henry', 'heskett,james', 'kempton,michael', 'scadlock,kyle']",01:25,01:01,0,,0,,0,,0,,0,,0,,0,,0,,0,,0,,0,,0,,0,,1,"heskett,james",0,,0,,0,0,0,0,0,0,0,0,0,0,0,0,0,0,0,0
20181208,1,"['babek,mickey', 'casey,bobby', 'feinberg,henry', 'kempton,michael', 'scadlock,kyle']",01:01,00:54,0,,0,,0,,0,,0,,0,,0,,0,,0,,0,,0,,0,,0,,0,,0,,0,,0,0,1,0,1,0,0,0,0,0,0,0,0,0,0,0
20181208,1,"['babek,mickey', 'casey,bobby', 'feinberg,henry', 'kempton,michael', 'scadlock,kyle']",00:54,00:54,0,,0,,0,,0,,0,,0,,0,,0,,0,,0,,0,,0,,0,,0,,1,"scadlock,kyle",0,,0,0,0,0,0,0,0,0,0,0,0,0,0,0,0,0
20181208,1,"['babek,mickey', 'casey,bobby', 'feinberg,henry', 'kempton,michael', 'scadlock,kyle']",00:54,00:53,0,,0,,0,,0,,0,,0,,0,,0,,0,,0,,0,,0,,0,,0,,0,,0,,0,0,0,0,0,0,0,0,1,0,0,0,0,0,0,0
20181208,1,"['babek,mickey', 'casey,bobby', 'feinberg,henry', 'kempton,michael', 'scadlock,kyle']",00:53,00:50,0,,0,,0,,0,,0,,0,,0,,0,,0,,0,,0,,0,,0,,0,,0,,0,,0,0,0,0,0,0,0,0,0,0,0,1,0,0,0,0
20181208,1,"['babek,mickey', 'casey,bobby', 'feinberg,henry', 'karpowicz,matt', 'scadlock,kyle']",00:50,00:38,0,,0,,0,,0,,0,,0,,0,,0,,0,,0,,0,,1,"scadlock,kyle",0,,0,,0,,0,,0,0,0,0,0,0,0,0,0,0,0,0,0,0,0,0
20181208,1,"['babek,mickey', 'casey,bobby', 'feinberg,henry', 'karpowicz,matt', 'scadlock,kyle']",00:38,00:35,0,,0,,0,,0,,0,,0,,0,,0,,0,,0,,0,,0,,0,,0,,0,,0,,0,0,0,0,0,0,0,0,0,0,0,0,1,0,0,0
20181208,1,"['babek,mickey', 'casey,bobby', 'feinberg,henry', 'karpowicz,matt', 'scadlock,kyle']",00:35,00:20,0,,0,,0,,0,,0,,0,,0,,0,,0,,0,,0,,0,,0,,1,"feinberg,henry",0,,0,,0,0,0,0,0,0,0,0,0,0,0,0,0,0,0,0
20181208,1,"['babek,mickey', 'casey,bobby', 'feinberg,henry', 'karpowicz,matt', 'scadlock,kyle']",00:20,00:20,0,,0,,0,,0,,0,,0,,0,,0,,0,,0,,0,,0,,0,,0,,0,,0,,0,0,0,0,0,0,1,1,0,0,0,0,0,0,0,1
20181208,1,"['babek,mickey', 'casey,bobby', 'feinberg,henry', 'karpowicz,matt', 'scadlock,kyle']",00:20,00:20,0,,0,,0,,0,,0,,0,,0,,0,,0,,0,,0,,0,,0,,0,,0,,0,,0,0,0,0,0,0,1,1,0,0,0,0,0,0,0,1
20181208,1,"['babek,mickey', 'casey,bobby', 'feinberg,henry', 'karpowicz,matt', 'scadlock,kyle']",00:20,00:20,0,,0,,0,,0,,0,,0,,0,,0,,0,,0,,0,,0,,0,,0,,0,,0,,0,0,0,0,0,0,1,0,0,0,0,0,0,0,0,0
20181208,1,"['babek,mickey', 'casey,bobby', 'feinberg,henry', 'karpowicz,matt', 'scadlock,kyle']",00:20,00:20,0,,0,,0,,0,,0,,0,,0,,0,,0,,1,"scadlock,kyle",0,,0,,0,,0,,0,,0,,0,0,0,0,0,0,0,0,0,0,0,0,0,0,0,0
20181208,1,"['babek,mickey', 'casey,bobby', 'feinberg,henry', 'karpowicz,matt', 'scadlock,kyle']",00:20,00:20,0,,0,,0,,0,,0,,0,,0,,0,,0,,0,,0,,0,,0,,0,,0,,0,,0,0,0,0,0,0,0,0,0,0,0,0,0,1,0,0
20181208,1,"['babek,mickey', 'casey,bobby', 'feinberg,henry', 'karpowicz,matt', 'scadlock,kyle']",00:20,00:20,0,,0,,0,,0,,0,,0,,1,"scadlock,kyle",1,"scadlock,kyle",0,,0,,0,,0,,0,,0,,0,,1,"scadlock,kyle",0,0,0,0,0,0,0,0,0,0,0,0,0,0,0,0
20181208,1,"['babek,mickey', 'casey,bobby', 'feinberg,henry', 'karpowicz,matt', 'scadlock,kyle']",00:20,00:20,0,,0,,0,,0,,0,,0,,1,"scadlock,kyle",1,"scadlock,kyle",0,,0,,0,,0,,0,,0,,0,,1,"scadlock,kyle",0,0,0,0,0,0,0,0,0,0,0,0,0,0,0,0
20181208,1,"['babek,mickey', 'casey,bobby', 'kempton,michael', 'scadlock,kyle', 'soto,marcos']",00:20,00:01,0,,0,,0,,0,,0,,0,,0,,0,,0,,0,,0,,0,,0,,0,,0,,0,,0,0,0,0,0,0,0,0,0,0,0,1,0,0,0,0
20181208,1,"['babek,mickey', 'casey,bobby', 'kempton,michael', 'scadlock,kyle', 'soto,marcos']",00:01,00:00,0,,0,,0,,0,,0,,0,,0,,0,,0,,0,,0,,0,,0,,0,,0,,0,,0,0,0,0,0,0,0,0,0,0,0,0,0,0,0,0
20181208,2,"['casey,bobby', 'feinberg,henry', 'heskett,james', 'karpowicz,matt', 'scadlock,kyle']",20:00,19:44,0,,0,,0,,0,,0,,0,,0,,0,,0,,0,,0,,1,"casey,bobby",0,,0,,0,,0,,0,0,0,0,0,0,0,0,0,0,0,0,0,0,0,0
20181208,2,"['casey,bobby', 'feinberg,henry', 'heskett,james', 'karpowicz,matt', 'scadlock,kyle']",19:44,19:42,0,,0,,0,,0,,0,,0,,0,,0,,0,,0,,0,,0,,0,,0,,0,,0,,0,0,0,0,0,0,0,0,0,0,0,0,1,0,0,0
20181208,2,"['casey,bobby', 'feinberg,henry', 'heskett,james', 'karpowicz,matt', 'scadlock,kyle']",19:42,19:39,0,,0,,0,,0,,0,,0,,0,,0,,0,,0,,0,,0,,0,,0,,0,,0,,0,0,1,1,1,1,0,0,0,0,0,0,0,0,0,3
20181208,2,"['casey,bobby', 'feinberg,henry', 'heskett,james', 'karpowicz,matt', 'scadlock,kyle']",19:39,19:39,0,,0,,0,,0,,0,,0,,0,,0,,0,,0,,0,,0,,0,,0,,0,,0,,0,0,0,0,0,0,0,0,0,0,1,0,0,0,0,0
20181208,2,"['casey,bobby', 'feinberg,henry', 'heskett,james', 'karpowicz,matt', 'scadlock,kyle']",19:39,19:17,1,"karpowicz,matt",1,"karpowicz,matt",0,,0,,1,"karpowicz,matt",1,"karpowicz,matt",0,,0,,0,,0,,0,,0,,0,,0,,0,,2,"karpowicz,matt",0,0,0,0,0,0,0,0,0,0,0,0,0,0,0,0
20181208,2,"['casey,bobby', 'feinberg,henry', 'heskett,james', 'karpowicz,matt', 'scadlock,kyle']",19:17,19:17,0,,0,,0,,0,,0,,0,,0,,0,,0,,0,,1,"heskett,james",0,,0,,0,,0,,0,,0,0,0,0,0,0,0,0,0,0,0,0,0,0,0,0
20181208,2,"['casey,bobby', 'feinberg,henry', 'heskett,james', 'karpowicz,matt', 'scadlock,kyle']",19:17,19:01,0,,0,,0,,0,,0,,0,,0,,0,,0,,0,,0,,0,,0,,0,,0,,0,,1,0,0,0,1,0,0,0,0,0,0,0,0,0,0,0
20181208,2,"['casey,bobby', 'feinberg,henry', 'heskett,james', 'karpowicz,matt', 'scadlock,kyle']",19:01,19:01,0,,0,,0,,0,,0,,0,,0,,0,,0,,1,"scadlock,kyle",0,,0,,0,,0,,0,,0,,0,0,0,0,0,0,0,0,0,0,0,0,0,0,0,0
20181208,2,"['casey,bobby', 'feinberg,henry', 'heskett,james', 'karpowicz,matt', 'scadlock,kyle']",19:01,18:53,1,"casey,bobby",0,,0,,0,,1,"casey,bobby",0,,0,,0,,0,,0,,0,,0,,0,,0,,0,,0,,0,0,0,0,0,0,0,0,0,0,0,0,0,0,0,0
20181208,2,"['casey,bobby', 'feinberg,henry', 'heskett,james', 'karpowicz,matt', 'scadlock,kyle']",18:53,18:53,0,,0,,0,,0,,0,,0,,0,,0,,0,,0,,0,,0,,0,,0,,0,,0,,0,0,0,0,0,0,0,0,0,1,0,0,0,0,0,0
20181208,2,"['casey,bobby', 'feinberg,henry', 'heskett,james', 'karpowicz,matt', 'scadlock,kyle']",18:53,18:47,0,,0,,0,,0,,0,,0,,0,,0,,0,,0,,0,,0,,0,,0,,0,,0,,0,0,1,0,1,0,0,0,0,0,0,0,0,0,0,0
20181208,2,"['casey,bobby', 'feinberg,henry', 'heskett,james', 'karpowicz,matt', 'scadlock,kyle']",18:47,18:47,0,,0,,0,,0,,0,,0,,0,,0,,0,,1,"karpowicz,matt",0,,0,,0,,0,,0,,0,,0,0,0,0,0,0,0,0,0,0,0,0,0,0,0,0
20181208,2,"['casey,bobby', 'feinberg,henry', 'heskett,james', 'karpowicz,matt', 'scadlock,kyle']",18:47,18:36,0,,0,,0,,0,,0,,0,,0,,0,,0,,0,,0,,0,,0,,0,,0,,0,,0,0,0,0,0,0,0,0,0,0,0,0,0,1,0,0
20181208,2,"['casey,bobby', 'feinberg,henry', 'heskett,james', 'karpowicz,matt', 'scadlock,kyle']",18:36,18:36,0,,0,,0,,0,,0,,0,,1,"scadlock,kyle",1,"scadlock,kyle",0,,0,,0,,0,,0,,0,,0,,1,"scadlock,kyle",0,0,0,0,0,0,0,0,0,0,0,0,0,0,0,0
20181208,2,"['casey,bobby', 'feinberg,henry', 'heskett,james', 'karpowicz,matt', 'scadlock,kyle']",18:36,18:36,0,,0,,0,,0,,0,,0,,1,"scadlock,kyle",0,,0,,0,,0,,0,,0,,0,,0,,0,,0,0,0,0,0,0,0,0,0,0,0,0,0,0,0,0
20181208,2,"['casey,bobby', 'feinberg,henry', 'heskett,james', 'karpowicz,matt', 'scadlock,kyle']",18:36,18:36,0,,0,,0,,0,,0,,0,,0,,0,,0,,0,,0,,0,,0,,0,,0,,0,,0,0,0,0,0,0,0,0,0,1,0,0,0,0,0,0
20181208,2,"['casey,bobby', 'feinberg,henry', 'heskett,james', 'karpowicz,matt', 'scadlock,kyle']",18:36,18:13,0,,0,,0,,0,,0,,0,,0,,0,,0,,0,,0,,0,,0,,0,,0,,0,,0,0,1,1,1,1,0,0,0,0,0,0,0,0,0,3
20181208,2,"['casey,bobby', 'feinberg,henry', 'heskett,james', 'karpowicz,matt', 'scadlock,kyle']",18:13,18:13,0,,0,,0,,0,,0,,0,,0,,0,,0,,0,,0,,0,,0,,0,,0,,0,,0,0,0,0,0,0,0,0,0,0,1,0,0,0,0,0
20181208,2,"['casey,bobby', 'feinberg,henry', 'heskett,james', 'karpowicz,matt', 'scadlock,kyle']",18:13,17:57,0,,0,,1,"heskett,james",1,"heskett,james",1,"heskett,james",1,"heskett,james",0,,0,,0,,0,,0,,0,,0,,0,,0,,3,"heskett,james",0,0,0,0,0,0,0,0,0,0,0,0,0,0,0,0
20181208,2,"['casey,bobby', 'feinberg,henry', 'heskett,james', 'karpowicz,matt', 'scadlock,kyle']",17:57,17:57,0,,0,,0,,0,,0,,0,,0,,0,,0,,0,,1,"feinberg,henry",0,,0,,0,,0,,0,,0,0,0,0,0,0,0,0,0,0,0,0,0,0,0,0
20181208,2,"['casey,bobby', 'feinberg,henry', 'heskett,james', 'karpowicz,matt', 'scadlock,kyle']",17:57,17:43,0,,0,,0,,0,,0,,0,,0,,0,,0,,0,,0,,0,,0,,0,,0,,0,,0,0,1,0,1,0,0,0,0,0,0,0,0,0,0,0
20181208,2,"['casey,bobby', 'feinberg,henry', 'heskett,james', 'karpowicz,matt', 'scadlock,kyle']",17:43,17:43,0,,0,,0,,0,,0,,0,,0,,0,,1,team,0,,0,,0,,0,,0,,0,,0,,0,0,0,0,0,0,0,0,0,0,0,0,0,0,0,0
20181208,2,"['casey,bobby', 'feinberg,henry', 'heskett,james', 'karpowicz,matt', 'scadlock,kyle']",17:43,17:20,0,,0,,0,,0,,0,,0,,0,,0,,0,,0,,0,,0,,0,,0,,0,,0,,0,0,0,0,0,0,0,0,0,0,0,1,0,0,0,0
20181208,2,"['casey,bobby', 'feinberg,henry', 'heskett,james', 'karpowicz,matt', 'scadlock,kyle']",17:20,17:20,0,,0,,0,,0,,0,,0,,0,,0,,0,,0,,0,,0,,1,"casey,bobby",0,,0,,0,,0,0,0,0,0,0,0,0,0,0,0,0,0,0,0,0
20181208,2,"['casey,bobby', 'feinberg,henry', 'heskett,james', 'karpowicz,matt', 'scadlock,kyle']",17:20,17:12,1,"scadlock,kyle",1,"scadlock,kyle",0,,0,,1,"scadlock,kyle",1,"scadlock,kyle",0,,0,,0,,0,,0,,0,,0,,0,,0,,2,"scadlock,kyle",0,0,0,0,0,0,0,0,0,0,0,0,0,0,0,0
20181208,2,"['casey,bobby', 'feinberg,henry', 'heskett,james', 'karpowicz,matt', 'scadlock,kyle']",17:12,17:12,0,,0,,0,,0,,0,,0,,0,,0,,0,,0,,1,"casey,bobby",0,,0,,0,,0,,0,,0,0,0,0,0,0,0,0,0,0,0,0,0,0,0,0
20181208,2,"['casey,bobby', 'feinberg,henry', 'heskett,james', 'karpowicz,matt', 'scadlock,kyle']",17:12,16:50,0,,0,,0,,0,,0,,0,,0,,0,,0,,0,,0,,0,,0,,0,,0,,0,,1,1,0,0,1,1,0,0,0,0,0,0,0,0,0,2
20181208,2,"['casey,bobby', 'feinberg,henry', 'heskett,james', 'karpowicz,matt', 'scadlock,kyle']",16:50,16:50,0,,0,,0,,0,,0,,0,,0,,0,,0,,0,,0,,0,,0,,0,,0,,0,,0,0,0,0,0,0,0,0,0,0,1,0,0,0,0,0
20181208,2,"['casey,bobby', 'feinberg,henry', 'heskett,james', 'karpowicz,matt', 'scadlock,kyle']",16:50,16:40,0,,0,,0,,0,,0,,0,,0,,0,,0,,0,,0,,0,,0,,0,,0,,0,,0,0,0,0,0,0,0,0,0,0,0,0,0,1,0,0
20181208,2,"['casey,bobby', 'feinberg,henry', 'heskett,james', 'karpowicz,matt', 'scadlock,kyle']",16:40,16:40,0,,0,,0,,0,,0,,0,,1,"karpowicz,matt",0,,0,,0,,0,,0,,0,,0,,0,,0,,0,0,0,0,0,0,0,0,0,0,0,0,0,0,0,0
20181208,2,"['casey,bobby', 'feinberg,henry', 'heskett,james', 'karpowicz,matt', 'scadlock,kyle']",16:40,16:40,0,,0,,0,,0,,0,,0,,1,"karpowicz,matt",1,"karpowicz,matt",0,,0,,0,,0,,0,,0,,0,,1,"karpowicz,matt",0,0,0,0,0,0,0,0,0,0,0,0,0,0,0,0
20181208,2,"['casey,bobby', 'feinberg,henry', 'heskett,james', 'kempton,michael', 'scadlock,kyle']",16:40,16:18,0,,0,,0,,0,,0,,0,,0,,0,,0,,0,,0,,0,,0,,0,,0,,0,,0,0,0,0,0,0,0,0,0,0,0,1,0,0,0,0
20181208,2,"['casey,bobby', 'feinberg,henry', 'heskett,james', 'kempton,michael', 'scadlock,kyle']",16:18,16:00,1,"heskett,james",0,,0,,0,,1,"heskett,james",0,,0,,0,,0,,0,,0,,0,,0,,0,,0,,0,,0,0,0,0,0,0,0,0,0,0,0,0,0,0,0,0
20181208,2,"['casey,bobby', 'feinberg,henry', 'heskett,james', 'kempton,michael', 'scadlock,kyle']",16:00,16:00,0,,0,,0,,0,,0,,0,,0,,0,,0,,0,,0,,0,,0,,0,,0,,0,,0,0,0,0,0,0,0,0,0,0,0,0,0,0,1,0
20181208,2,"['casey,bobby', 'feinberg,henry', 'heskett,james', 'kempton,michael', 'scadlock,kyle']",16:00,15:59,0,,0,,0,,0,,0,,0,,0,,0,,0,,0,,0,,0,,0,,0,,0,,0,,0,0,0,0,0,0,0,0,0,1,0,0,0,0,0,0
20181208,2,"['casey,bobby', 'feinberg,henry', 'heskett,james', 'kempton,michael', 'scadlock,kyle']",15:59,15:55,0,,0,,0,,0,,0,,0,,0,,0,,0,,0,,0,,0,,0,,0,,0,,0,,1,1,0,0,1,1,0,0,0,0,0,0,0,0,0,2
20181208,2,"['casey,bobby', 'feinberg,henry', 'heskett,james', 'kempton,michael', 'scadlock,kyle']",15:55,15:55,0,,0,,0,,0,,0,,0,,0,,0,,0,,0,,0,,0,,0,,0,,0,,0,,0,0,0,0,0,0,0,0,0,0,1,0,0,0,0,0
20181208,2,"['casey,bobby', 'feinberg,henry', 'heskett,james', 'kempton,michael', 'scadlock,kyle']",15:55,15:31,1,"kempton,michael",1,"kempton,michael",0,,0,,1,"kempton,michael",1,"kempton,michael",0,,0,,0,,0,,0,,0,,0,,0,,0,,2,"kempton,michael",0,0,0,0,0,0,0,0,0,0,0,0,0,0,0,0
20181208,2,"['casey,bobby', 'feinberg,henry', 'heskett,james', 'kempton,michael', 'scadlock,kyle']",15:31,15:31,0,,0,,0,,0,,0,,0,,0,,0,,0,,0,,1,"casey,bobby",0,,0,,0,,0,,0,,0,0,0,0,0,0,0,0,0,0,0,0,0,0,0,0
20181208,2,"['casey,bobby', 'feinberg,henry', 'heskett,james', 'kempton,michael', 'scadlock,kyle']",15:31,15:14,0,,0,,0,,0,,0,,0,,0,,0,,0,,0,,0,,0,,0,,0,,0,,0,,0,0,1,0,1,0,0,0,0,0,0,0,0,0,0,0
20181208,2,"['casey,bobby', 'feinberg,henry', 'heskett,james', 'kempton,michael', 'scadlock,kyle']",15:14,15:14,0,,0,,0,,0,,0,,0,,0,,0,,0,,0,,0,,0,,0,,0,,0,,0,,0,0,0,0,0,0,0,0,1,0,0,0,0,0,0,0
20181208,2,"['casey,bobby', 'feinberg,henry', 'heskett,james', 'kempton,michael', 'scadlock,kyle']",15:14,15:07,0,,0,,0,,0,,0,,0,,0,,0,,0,,0,,0,,0,,0,,0,,0,,0,,0,0,1,1,1,1,0,0,0,0,0,0,0,0,0,3
20181208,2,"['casey,bobby', 'feinberg,henry', 'heskett,james', 'kempton,michael', 'scadlock,kyle']",15:07,15:07,0,,0,,0,,0,,0,,0,,0,,0,,0,,0,,0,,0,,0,,0,,0,,0,,0,0,0,0,0,0,0,0,0,0,1,0,0,0,0,0
20181208,2,"['casey,bobby', 'feinberg,henry', 'heskett,james', 'kempton,michael', 'scadlock,kyle']",15:07,14:47,1,"casey,bobby",1,"casey,bobby",0,,0,,1,"casey,bobby",1,"casey,bobby",0,,0,,0,,0,,0,,0,,0,,0,,0,,2,"casey,bobby",0,0,0,0,0,0,0,0,0,0,0,0,0,0,0,0
20181208,2,"['babek,mickey', 'casey,bobby', 'heskett,james', 'kempton,michael', 'soto,marcos']",14:45,14:24,0,,0,,0,,0,,0,,0,,0,,0,,0,,0,,0,,0,,0,,1,"heskett,james",0,,0,,0,0,0,0,0,0,0,0,0,0,0,0,0,0,0,0
20181208,2,"['babek,mickey', 'casey,bobby', 'kempton,michael', 'soto,marcos', 'taylor,marc']",14:24,14:14,0,,0,,0,,0,,0,,0,,0,,0,,0,,0,,0,,0,,0,,0,,0,,0,,0,0,1,1,1,1,0,0,0,0,0,0,0,0,0,3
20181208,2,"['babek,mickey', 'casey,bobby', 'kempton,michael', 'soto,marcos', 'taylor,marc']",14:14,14:14,0,,0,,0,,0,,0,,0,,0,,0,,0,,0,,0,,0,,0,,0,,0,,0,,0,0,0,0,0,0,0,0,0,0,1,0,0,0,0,0
20181208,2,"['babek,mickey', 'casey,bobby', 'kempton,michael', 'soto,marcos', 'taylor,marc']",14:14,14:02,0,,0,,1,"soto,marcos",0,,1,"soto,marcos",0,,0,,0,,0,,0,,0,,0,,0,,0,,0,,0,,0,0,0,0,0,0,0,0,0,0,0,0,0,0,0,0
20181208,2,"['babek,mickey', 'casey,bobby', 'kempton,michael', 'soto,marcos', 'taylor,marc']",14:02,14:02,0,,0,,0,,0,,0,,0,,0,,0,,1,"taylor,marc",0,,0,,0,,0,,0,,0,,0,,0,0,0,0,0,0,0,0,0,0,0,0,0,0,0,0
20181208,2,"['babek,mickey', 'casey,bobby', 'kempton,michael', 'soto,marcos', 'taylor,marc']",14:02,13:58,1,"taylor,marc",0,,0,,0,,1,"taylor,marc",0,,0,,0,,0,,0,,0,,0,,0,,0,,0,,0,,0,0,0,0,0,0,0,0,0,0,0,0,0,0,0,0
20181208,2,"['babek,mickey', 'casey,bobby', 'kempton,michael', 'soto,marcos', 'taylor,marc']",13:58,13:58,0,,0,,0,,0,,0,,0,,0,,0,,0,,1,team,0,,0,,0,,0,,0,,0,,0,0,0,0,0,0,0,0,0,0,0,0,0,0,0,0
20181208,2,"['babek,mickey', 'casey,bobby', 'kempton,michael', 'soto,marcos', 'taylor,marc']",13:58,13:40,0,,0,,0,,0,,0,,0,,0,,0,,0,,0,,0,,0,,0,,1,"taylor,marc",0,,0,,0,0,0,0,0,0,0,0,0,0,0,0,0,0,0,0
20181208,2,"['babek,mickey', 'casey,bobby', 'kempton,michael', 'soto,marcos', 'taylor,marc']",13:40,13:40,0,,0,,0,,0,,0,,0,,0,,0,,0,,0,,0,,0,,0,,0,,0,,0,,0,0,0,0,0,0,1,1,0,0,0,0,0,0,0,1
20181208,2,"['babek,mickey', 'casey,bobby', 'kempton,michael', 'soto,marcos', 'taylor,marc']",13:40,13:40,0,,0,,0,,0,,0,,0,,0,,0,,0,,0,,0,,0,,0,,0,,0,,0,,0,0,0,0,0,0,1,1,0,0,0,0,0,0,0,1
20181208,2,"['babek,mickey', 'feinberg,henry', 'karpowicz,matt', 'scadlock,kyle', 'soto,marcos']",13:40,13:25,1,"feinberg,henry",0,,0,,0,,1,"feinberg,henry",0,,0,,0,,0,,0,,0,,0,,0,,0,,0,,0,,0,0,0,0,0,0,0,0,0,0,0,0,0,0,0,0
20181208,2,"['babek,mickey', 'feinberg,henry', 'karpowicz,matt', 'scadlock,kyle', 'soto,marcos']",13:25,13:25,0,,0,,0,,0,,0,,0,,0,,0,,0,,0,,0,,0,,0,,0,,0,,0,,0,0,0,0,0,0,0,0,0,0,0,0,0,0,1,0
20181208,2,"['babek,mickey', 'feinberg,henry', 'karpowicz,matt', 'scadlock,kyle', 'soto,marcos']",13:25,13:22,0,,0,,0,,0,,0,,0,,0,,0,,0,,0,,0,,0,,0,,0,,0,,0,,0,0,0,0,0,0,0,0,0,1,0,0,0,0,0,0
20181208,2,"['babek,mickey', 'feinberg,henry', 'karpowicz,matt', 'scadlock,kyle', 'soto,marcos']",13:22,13:14,0,,0,,0,,0,,0,,0,,0,,0,,0,,0,,0,,0,,0,,0,,0,,0,,1,0,0,0,1,0,0,0,0,0,0,0,0,0,0,0
20181208,2,"['babek,mickey', 'feinberg,henry', 'karpowicz,matt', 'scadlock,kyle', 'soto,marcos']",13:14,13:14,0,,0,,0,,0,,0,,0,,0,,0,,0,,1,"karpowicz,matt",0,,0,,0,,0,,0,,0,,0,0,0,0,0,0,0,0,0,0,0,0,0,0,0,0
20181208,2,"['babek,mickey', 'feinberg,henry', 'karpowicz,matt', 'scadlock,kyle', 'soto,marcos']",13:14,12:59,0,,0,,0,,0,,0,,0,,0,,0,,0,,0,,0,,1,"feinberg,henry",0,,0,,0,,0,,0,0,0,0,0,0,0,0,0,0,0,0,0,0,0,0
20181208,2,"['casey,bobby', 'feinberg,henry', 'karpowicz,matt', 'scadlock,kyle', 'soto,marcos']",12:59,12:45,0,,0,,0,,0,,0,,0,,0,,0,,0,,0,,0,,0,,0,,0,,0,,0,,1,0,0,0,1,0,0,0,0,0,0,0,0,0,0,0
20181208,2,"['casey,bobby', 'feinberg,henry', 'karpowicz,matt', 'scadlock,kyle', 'soto,marcos']",12:45,12:45,0,,0,,0,,0,,0,,0,,0,,0,,0,,1,"karpowicz,matt",0,,0,,0,,0,,0,,0,,0,0,0,0,0,0,0,0,0,0,0,0,0,0,0,0
20181208,2,"['casey,bobby', 'feinberg,henry', 'heskett,james', 'karpowicz,matt', 'scadlock,kyle']",12:40,12:22,1,"heskett,james",0,,0,,0,,1,"heskett,james",0,,0,,0,,0,,0,,0,,0,,0,,0,,0,,0,,0,0,0,0,0,0,0,0,0,0,0,0,0,0,0,0
20181208,2,"['casey,bobby', 'feinberg,henry', 'heskett,james', 'karpowicz,matt', 'scadlock,kyle']",12:22,12:22,0,,0,,0,,0,,0,,0,,0,,0,,1,"karpowicz,matt",0,,0,,0,,0,,0,,0,,0,,0,0,0,0,0,0,0,0,0,0,0,0,0,0,0,0
20181208,2,"['casey,bobby', 'feinberg,henry', 'heskett,james', 'karpowicz,matt', 'scadlock,kyle']",12:22,12:20,1,"karpowicz,matt",1,"karpowicz,matt",0,,0,,1,"karpowicz,matt",1,"karpowicz,matt",0,,0,,0,,0,,0,,0,,0,,0,,0,,2,"karpowicz,matt",0,0,0,0,0,0,0,0,0,0,0,0,0,0,0,0
20181208,2,"['casey,bobby', 'feinberg,henry', 'heskett,james', 'karpowicz,matt', 'scadlock,kyle']",12:20,12:10,0,,0,,0,,0,,0,,0,,0,,0,,0,,0,,0,,0,,0,,0,,0,,0,,0,0,1,1,1,1,0,0,0,0,0,0,0,0,0,3
20181208,2,"['casey,bobby', 'feinberg,henry', 'heskett,james', 'karpowicz,matt', 'scadlock,kyle']",12:10,12:10,0,,0,,0,,0,,0,,0,,0,,0,,0,,0,,0,,0,,0,,0,,0,,0,,0,0,0,0,0,0,0,0,0,0,1,0,0,0,0,0
20181208,2,"['casey,bobby', 'feinberg,henry', 'heskett,james', 'karpowicz,matt', 'scadlock,kyle']",12:10,11:44,1,"karpowicz,matt",0,,0,,0,,1,"karpowicz,matt",0,,0,,0,,0,,0,,0,,0,,0,,0,,0,,0,,0,0,0,0,0,0,0,0,0,0,0,0,0,0,0,0
20181208,2,"['casey,bobby', 'feinberg,henry', 'heskett,james', 'karpowicz,matt', 'scadlock,kyle']",11:44,11:44,0,,0,,0,,0,,0,,0,,0,,0,,0,,1,team,0,,0,,0,,0,,0,,0,,0,0,0,0,0,0,0,0,0,0,0,0,0,0,0,0
20181208,2,"['casey,bobby', 'feinberg,henry', 'heskett,james', 'karpowicz,matt', 'scadlock,kyle']",11:44,11:43,0,,0,,0,,0,,0,,0,,0,,0,,0,,0,,0,,0,,0,,1,"feinberg,henry",0,,0,,0,0,0,0,0,0,0,0,0,0,0,0,0,0,0,0
20181208,2,"['casey,bobby', 'feinberg,henry', 'heskett,james', 'karpowicz,matt', 'scadlock,kyle']",11:43,11:33,0,,0,,0,,0,,0,,0,,0,,0,,0,,0,,0,,0,,0,,0,,0,,0,,0,0,1,1,1,1,0,0,0,0,0,0,0,0,0,3
20181208,2,"['casey,bobby', 'feinberg,henry', 'heskett,james', 'karpowicz,matt', 'scadlock,kyle']",11:33,11:33,0,,0,,0,,0,,0,,0,,0,,0,,0,,0,,0,,0,,0,,0,,0,,0,,0,0,0,0,0,0,0,0,0,0,1,0,0,0,0,0
20181208,2,"['casey,bobby', 'feinberg,henry', 'heskett,james', 'kempton,michael', 'scadlock,kyle']",11:28,11:24,0,,0,,1,"casey,bobby",1,"casey,bobby",1,"casey,bobby",1,"casey,bobby",0,,0,,0,,0,,0,,0,,0,,0,,0,,3,"casey,bobby",0,0,0,0,0,0,0,0,0,0,0,0,0,0,0,0
20181208,2,"['casey,bobby', 'feinberg,henry', 'heskett,james', 'kempton,michael', 'scadlock,kyle']",11:24,11:24,0,,0,,0,,0,,0,,0,,0,,0,,0,,0,,1,"kempton,michael",0,,0,,0,,0,,0,,0,0,0,0,0,0,0,0,0,0,0,0,0,0,0,0
20181208,2,"['casey,bobby', 'feinberg,henry', 'heskett,james', 'kempton,michael', 'scadlock,kyle']",11:24,10:43,0,,0,,0,,0,,0,,0,,0,,0,,0,,0,,0,,0,,0,,0,,0,,0,,1,1,0,0,1,1,0,0,0,0,0,0,0,0,0,2
20181208,2,"['casey,bobby', 'feinberg,henry', 'heskett,james', 'kempton,michael', 'scadlock,kyle']",10:43,10:25,0,,0,,1,"casey,bobby",0,,1,"casey,bobby",0,,0,,0,,0,,0,,0,,0,,0,,0,,0,,0,,0,0,0,0,0,0,0,0,0,0,0,0,0,0,0,0
20181208,2,"['casey,bobby', 'feinberg,henry', 'heskett,james', 'kempton,michael', 'scadlock,kyle']",10:25,10:25,0,,0,,0,,0,,0,,0,,0,,0,,0,,0,,0,,0,,0,,0,,0,,0,,0,0,0,0,0,0,0,0,0,1,0,0,0,0,0,0
20181208,2,"['casey,bobby', 'feinberg,henry', 'heskett,james', 'kempton,michael', 'scadlock,kyle']",10:25,10:15,0,,0,,0,,0,,0,,0,,0,,0,,0,,0,,0,,0,,0,,0,,0,,0,,1,1,0,0,1,1,0,0,0,0,0,0,0,0,0,2
20181208,2,"['casey,bobby', 'feinberg,henry', 'heskett,james', 'kempton,michael', 'scadlock,kyle']",10:15,10:15,0,,0,,0,,0,,0,,0,,0,,0,,0,,0,,0,,0,,0,,0,,0,,0,,0,0,0,0,0,0,0,0,0,0,1,0,0,0,0,0
20181208,2,"['casey,bobby', 'feinberg,henry', 'heskett,james', 'kempton,michael', 'scadlock,kyle']",10:13,10:13,0,,0,,0,,0,,0,,0,,0,,0,,0,,0,,0,,0,,0,,0,,0,,0,,0,0,0,0,0,0,0,0,0,0,0,0,0,1,0,0
20181208,2,"['casey,bobby', 'feinberg,henry', 'heskett,james', 'kempton,michael', 'scadlock,kyle']",10:13,09:59,0,,0,,1,"scadlock,kyle",0,,1,"scadlock,kyle",0,,0,,0,,0,,0,,0,,0,,0,,0,,0,,0,,0,0,0,0,0,0,0,0,0,0,0,0,0,0,0,0
20181208,2,"['casey,bobby', 'feinberg,henry', 'heskett,james', 'kempton,michael', 'scadlock,kyle']",09:59,09:59,0,,0,,0,,0,,0,,0,,0,,0,,1,"heskett,james",0,,0,,0,,0,,0,,0,,0,,0,0,0,0,0,0,0,0,0,0,0,0,0,0,0,0
20181208,2,"['casey,bobby', 'feinberg,henry', 'heskett,james', 'kempton,michael', 'scadlock,kyle']",09:59,09:54,0,,0,,0,,0,,0,,0,,0,,0,,0,,0,,0,,1,"heskett,james",0,,0,,0,,0,,0,0,0,0,0,0,0,0,0,0,0,0,0,0,0,0
20181208,2,"['casey,bobby', 'feinberg,henry', 'heskett,james', 'kempton,michael', 'scadlock,kyle']",09:54,09:52,0,,0,,0,,0,,0,,0,,0,,0,,0,,0,,0,,0,,0,,0,,0,,0,,0,0,0,0,0,0,0,0,0,0,0,0,1,0,0,0
20181208,2,"['casey,bobby', 'feinberg,henry', 'heskett,james', 'kempton,michael', 'scadlock,kyle']",09:52,09:34,0,,0,,0,,0,,0,,0,,0,,0,,0,,0,,0,,0,,0,,0,,0,,0,,0,0,1,1,1,1,0,0,0,0,0,0,0,0,0,3
20181208,2,"['casey,bobby', 'feinberg,henry', 'heskett,james', 'kempton,michael', 'scadlock,kyle']",09:34,09:34,0,,0,,0,,0,,0,,0,,0,,0,,0,,0,,0,,0,,0,,0,,0,,0,,0,0,0,0,0,0,0,0,0,0,1,0,0,0,0,0
20181208,2,"['casey,bobby', 'feinberg,henry', 'heskett,james', 'kempton,michael', 'scadlock,kyle']",09:34,09:15,1,"casey,bobby",1,"casey,bobby",0,,0,,1,"casey,bobby",1,"casey,bobby",0,,0,,0,,0,,0,,0,,0,,0,,0,,2,"casey,bobby",0,0,0,0,0,0,0,0,0,0,0,0,0,0,0,0
20181208,2,"['casey,bobby', 'feinberg,henry', 'heskett,james', 'kempton,michael', 'scadlock,kyle']",09:15,09:02,0,,0,,0,,0,,0,,0,,0,,0,,0,,0,,0,,0,,0,,0,,0,,0,,0,0,1,0,1,0,0,0,0,0,0,0,0,0,0,0
20181208,2,"['casey,bobby', 'feinberg,henry', 'heskett,james', 'kempton,michael', 'scadlock,kyle']",09:02,09:02,0,,0,,0,,0,,0,,0,,0,,0,,0,,1,"kempton,michael",0,,0,,0,,0,,0,,0,,0,0,0,0,0,0,0,0,0,0,0,0,0,0,0,0
20181208,2,"['casey,bobby', 'feinberg,henry', 'heskett,james', 'kempton,michael', 'scadlock,kyle']",09:02,08:50,0,,0,,0,,0,,0,,0,,0,,0,,0,,0,,0,,0,,0,,0,,0,,0,,0,0,0,0,0,0,0,0,0,0,0,0,0,1,0,0
20181208,2,"['babek,mickey', 'casey,bobby', 'heskett,james', 'karpowicz,matt', 'soto,marcos']",08:50,08:38,1,"heskett,james",1,"heskett,james",0,,0,,1,"heskett,james",1,"heskett,james",0,,0,,0,,0,,0,,0,,0,,0,,0,,2,"heskett,james",0,0,0,0,0,0,0,0,0,0,0,0,0,0,0,0
20181208,2,"['babek,mickey', 'casey,bobby', 'heskett,james', 'karpowicz,matt', 'soto,marcos']",08:38,08:38,0,,0,,0,,0,,0,,0,,0,,0,,0,,0,,1,"soto,marcos",0,,0,,0,,0,,0,,0,0,0,0,0,0,0,0,0,0,0,0,0,0,0,0
20181208,2,"['babek,mickey', 'casey,bobby', 'heskett,james', 'karpowicz,matt', 'soto,marcos']",08:38,08:22,0,,0,,0,,0,,0,,0,,0,,0,,0,,0,,0,,0,,0,,0,,0,,0,,1,1,0,0,1,1,0,0,0,0,0,0,0,0,0,2
20181208,2,"['babek,mickey', 'casey,bobby', 'heskett,james', 'karpowicz,matt', 'soto,marcos']",08:22,08:08,1,"karpowicz,matt",0,,0,,0,,1,"karpowicz,matt",0,,0,,0,,0,,0,,0,,0,,0,,0,,0,,0,,0,0,0,0,0,0,0,0,0,0,0,0,0,0,0,0
20181208,2,"['babek,mickey', 'casey,bobby', 'heskett,james', 'karpowicz,matt', 'soto,marcos']",08:08,08:08,0,,0,,0,,0,,0,,0,,0,,0,,0,,0,,0,,0,,0,,0,,0,,0,,0,0,0,0,0,0,0,0,0,0,0,0,0,0,1,0
20181208,2,"['babek,mickey', 'casey,bobby', 'heskett,james', 'karpowicz,matt', 'soto,marcos']",08:08,08:07,0,,0,,0,,0,,0,,0,,0,,0,,1,"soto,marcos",0,,0,,0,,0,,0,,0,,0,,0,0,0,0,0,0,0,0,0,0,0,0,0,0,0,0
20181208,2,"['babek,mickey', 'casey,bobby', 'heskett,james', 'karpowicz,matt', 'soto,marcos']",08:07,08:05,0,,0,,1,"heskett,james",1,"heskett,james",1,"heskett,james",1,"heskett,james",0,,0,,0,,0,,0,,0,,0,,0,,0,,3,"heskett,james",0,0,0,0,0,0,0,0,0,0,0,0,0,0,0,0
20181208,2,"['babek,mickey', 'casey,bobby', 'heskett,james', 'karpowicz,matt', 'soto,marcos']",08:05,08:05,0,,0,,0,,0,,0,,0,,0,,0,,0,,0,,1,"babek,mickey",0,,0,,0,,0,,0,,0,0,0,0,0,0,0,0,0,0,0,0,0,0,0,0
20181208,2,"['babek,mickey', 'casey,bobby', 'heskett,james', 'karpowicz,matt', 'soto,marcos']",07:48,07:31,0,,0,,0,,0,,0,,0,,0,,0,,0,,0,,0,,0,,0,,0,,0,,0,,0,0,1,0,1,0,0,0,0,0,0,0,0,0,0,0
20181208,2,"['babek,mickey', 'casey,bobby', 'heskett,james', 'karpowicz,matt', 'soto,marcos']",07:31,07:31,0,,0,,0,,0,,0,,0,,0,,0,,0,,0,,0,,0,,0,,0,,0,,0,,0,0,0,0,0,0,0,0,1,0,0,0,0,0,0,0
20181208,2,"['babek,mickey', 'casey,bobby', 'heskett,james', 'karpowicz,matt', 'soto,marcos']",07:31,07:08,0,,0,,0,,0,,0,,0,,0,,0,,0,,0,,0,,0,,0,,0,,0,,0,,1,0,0,0,1,0,0,0,0,0,0,0,0,0,0,0
20181208,2,"['babek,mickey', 'casey,bobby', 'heskett,james', 'karpowicz,matt', 'soto,marcos']",07:08,07:08,0,,0,,0,,0,,0,,0,,0,,0,,0,,1,"babek,mickey",0,,0,,0,,0,,0,,0,,0,0,0,0,0,0,0,0,0,0,0,0,0,0,0,0
20181208,2,"['babek,mickey', 'casey,bobby', 'heskett,james', 'karpowicz,matt', 'soto,marcos']",07:08,06:53,1,"casey,bobby",1,"casey,bobby",0,,0,,1,"casey,bobby",1,"casey,bobby",0,,0,,0,,0,,0,,0,,0,,0,,0,,2,"casey,bobby",0,0,0,0,0,0,0,0,0,0,0,0,0,0,0,0
20181208,2,"['babek,mickey', 'casey,bobby', 'heskett,james', 'karpowicz,matt', 'soto,marcos']",06:53,06:53,0,,0,,0,,0,,0,,0,,0,,0,,0,,0,,0,,0,,0,,0,,0,,0,,0,0,0,0,0,0,0,0,0,0,0,0,0,1,0,0
20181208,2,"['babek,mickey', 'casey,bobby', 'heskett,james', 'karpowicz,matt', 'soto,marcos']",06:53,06:53,0,,0,,0,,0,,0,,0,,1,"casey,bobby",1,"casey,bobby",0,,0,,0,,0,,0,,0,,0,,1,"casey,bobby",0,0,0,0,0,0,0,0,0,0,0,0,0,0,0,0
20181208,2,"['babek,mickey', 'feinberg,henry', 'kempton,michael', 'scadlock,kyle', 'soto,marcos']",06:53,06:29,0,,0,,0,,0,,0,,0,,0,,0,,0,,0,,0,,0,,0,,0,,0,,0,,0,0,1,0,1,0,0,0,0,0,0,0,0,0,0,0
20181208,2,"['babek,mickey', 'feinberg,henry', 'kempton,michael', 'scadlock,kyle', 'soto,marcos']",06:29,06:29,0,,0,,0,,0,,0,,0,,0,,0,,0,,1,"feinberg,henry",0,,0,,0,,0,,0,,0,,0,0,0,0,0,0,0,0,0,0,0,0,0,0,0,0
20181208,2,"['babek,mickey', 'feinberg,henry', 'kempton,michael', 'scadlock,kyle', 'soto,marcos']",06:29,06:11,0,,0,,1,"soto,marcos",0,,1,"soto,marcos",0,,0,,0,,0,,0,,0,,0,,0,,0,,0,,0,,0,0,0,0,0,0,0,0,0,0,0,0,0,0,0,0
20181208,2,"['babek,mickey', 'feinberg,henry', 'kempton,michael', 'scadlock,kyle', 'soto,marcos']",06:11,06:11,0,,0,,0,,0,,0,,0,,0,,0,,0,,0,,0,,0,,0,,0,,0,,0,,0,0,0,0,0,0,0,0,0,1,0,0,0,0,0,0
20181208,2,"['babek,mickey', 'feinberg,henry', 'kempton,michael', 'scadlock,kyle', 'soto,marcos']",06:11,05:51,0,,0,,0,,0,,0,,0,,0,,0,,0,,0,,0,,0,,0,,0,,0,,0,,1,0,0,0,1,0,0,0,0,0,0,0,0,0,0,0
20181208,2,"['babek,mickey', 'feinberg,henry', 'kempton,michael', 'scadlock,kyle', 'soto,marcos']",05:51,05:51,0,,0,,0,,0,,0,,0,,0,,0,,0,,1,"feinberg,henry",0,,0,,0,,0,,0,,0,,0,0,0,0,0,0,0,0,0,0,0,0,0,0,0,0
20181208,2,"['babek,mickey', 'feinberg,henry', 'kempton,michael', 'scadlock,kyle', 'soto,marcos']",05:51,05:41,0,,0,,0,,0,,0,,0,,0,,0,,0,,0,,0,,1,"scadlock,kyle",0,,0,,0,,0,,0,0,0,0,0,0,0,0,0,0,0,0,0,0,0,0
20181208,2,"['babek,mickey', 'feinberg,henry', 'kempton,michael', 'scadlock,kyle', 'soto,marcos']",05:41,05:40,0,,0,,0,,0,,0,,0,,0,,0,,0,,0,,0,,0,,0,,0,,0,,0,,0,0,0,0,0,0,0,0,0,0,0,0,1,0,0,0
20181208,2,"['casey,bobby', 'feinberg,henry', 'kempton,michael', 'scadlock,kyle', 'soto,marcos']",05:33,05:30,0,,0,,0,,0,,0,,0,,0,,0,,0,,0,,0,,0,,0,,1,"feinberg,henry",0,,0,,0,0,0,0,0,0,0,0,0,0,0,0,0,0,0,0
20181208,2,"['casey,bobby', 'feinberg,henry', 'kempton,michael', 'scadlock,kyle', 'soto,marcos']",05:30,05:30,0,,0,,0,,0,,0,,0,,0,,0,,0,,0,,0,,0,,0,,0,,0,,0,,0,0,0,0,0,0,1,1,0,0,0,0,0,0,0,1
20181208,2,"['casey,bobby', 'feinberg,henry', 'kempton,michael', 'scadlock,kyle', 'soto,marcos']",05:30,05:30,0,,0,,0,,0,,0,,0,,0,,0,,0,,0,,0,,0,,0,,0,,0,,0,,0,0,0,0,0,0,1,1,0,0,0,0,0,0,0,1
20181208,2,"['casey,bobby', 'feinberg,henry', 'kempton,michael', 'scadlock,kyle', 'soto,marcos']",05:30,05:30,0,,0,,0,,0,,0,,0,,0,,0,,0,,0,,0,,0,,0,,0,,0,,0,,0,0,0,0,0,0,1,1,0,0,0,0,0,0,0,1
20181208,2,"['casey,bobby', 'feinberg,henry', 'kempton,michael', 'scadlock,kyle', 'soto,marcos']",05:30,05:08,0,,0,,1,"casey,bobby",1,"casey,bobby",1,"casey,bobby",1,"casey,bobby",0,,0,,0,,0,,0,,0,,0,,0,,0,,3,"casey,bobby",0,0,0,0,0,0,0,0,0,0,0,0,0,0,0,0
20181208,2,"['casey,bobby', 'feinberg,henry', 'kempton,michael', 'scadlock,kyle', 'soto,marcos']",05:08,05:08,0,,0,,0,,0,,0,,0,,0,,0,,0,,0,,0,,0,,0,,0,,0,,0,,0,0,0,0,0,0,0,0,0,0,1,0,0,0,0,0
20181208,2,"['casey,bobby', 'feinberg,henry', 'heskett,james', 'karpowicz,matt', 'scadlock,kyle']",05:05,04:51,0,,0,,0,,0,,0,,0,,0,,0,,0,,0,,0,,0,,0,,0,,0,,0,,1,0,0,0,1,0,0,0,0,0,0,0,0,0,0,0
20181208,2,"['casey,bobby', 'feinberg,henry', 'heskett,james', 'karpowicz,matt', 'scadlock,kyle']",04:51,04:51,0,,0,,0,,0,,0,,0,,0,,0,,0,,1,"karpowicz,matt",0,,0,,0,,0,,0,,0,,0,0,0,0,0,0,0,0,0,0,0,0,0,0,0,0
20181208,2,"['casey,bobby', 'feinberg,henry', 'heskett,james', 'karpowicz,matt', 'scadlock,kyle']",04:51,04:40,1,"karpowicz,matt",0,,0,,0,,1,"karpowicz,matt",0,,0,,0,,0,,0,,0,,0,,0,,0,,0,,0,,0,0,0,0,0,0,0,0,0,0,0,0,0,0,0,0
20181208,2,"['casey,bobby', 'feinberg,henry', 'heskett,james', 'karpowicz,matt', 'scadlock,kyle']",04:40,04:40,0,,0,,0,,0,,0,,0,,0,,0,,0,,0,,0,,0,,0,,0,,0,,0,,0,0,0,0,0,0,0,0,0,1,0,0,0,0,0,0
20181208,2,"['casey,bobby', 'feinberg,henry', 'heskett,james', 'karpowicz,matt', 'scadlock,kyle']",04:40,04:15,0,,0,,0,,0,,0,,0,,0,,0,,0,,0,,0,,0,,0,,0,,0,,0,,0,0,1,1,1,1,0,0,0,0,0,0,0,0,0,3
20181208,2,"['casey,bobby', 'feinberg,henry', 'heskett,james', 'karpowicz,matt', 'scadlock,kyle']",04:15,03:59,0,,0,,0,,0,,0,,0,,0,,0,,0,,0,,0,,0,,0,,0,,0,,0,,0,0,0,0,0,0,0,0,0,0,0,0,0,1,0,0
20181208,2,"['casey,bobby', 'feinberg,henry', 'heskett,james', 'karpowicz,matt', 'scadlock,kyle']",03:59,03:59,0,,0,,0,,0,,0,,0,,1,"heskett,james",1,"heskett,james",0,,0,,0,,0,,0,,0,,0,,1,"heskett,james",0,0,0,0,0,0,0,0,0,0,0,0,0,0,0,0
20181208,2,"['casey,bobby', 'feinberg,henry', 'heskett,james', 'karpowicz,matt', 'scadlock,kyle']",03:59,03:59,0,,0,,0,,0,,0,,0,,1,"heskett,james",1,"heskett,james",0,,0,,0,,0,,0,,0,,0,,1,"heskett,james",0,0,0,0,0,0,0,0,0,0,0,0,0,0,0,0
20181208,2,"['casey,bobby', 'feinberg,henry', 'heskett,james', 'kempton,michael', 'scadlock,kyle']",03:59,03:48,0,,0,,0,,0,,0,,0,,0,,0,,0,,0,,0,,0,,0,,0,,0,,0,,1,1,0,0,1,1,0,0,0,0,0,0,0,0,0,2
20181208,2,"['casey,bobby', 'feinberg,henry', 'heskett,james', 'kempton,michael', 'scadlock,kyle']",03:48,03:48,0,,0,,0,,0,,0,,0,,0,,0,,0,,0,,0,,0,,0,,0,,0,,0,,0,0,0,0,0,0,0,0,0,0,1,0,0,0,0,0
20181208,2,"['casey,bobby', 'feinberg,henry', 'heskett,james', 'kempton,michael', 'scadlock,kyle']",03:48,03:24,1,"heskett,james",0,,0,,0,,1,"heskett,james",0,,0,,0,,0,,0,,0,,0,,0,,0,,0,,0,,0,0,0,0,0,0,0,0,0,0,0,0,0,0,0,0
20181208,2,"['casey,bobby', 'feinberg,henry', 'heskett,james', 'kempton,michael', 'scadlock,kyle']",03:24,03:24,0,,0,,0,,0,,0,,0,,0,,0,,0,,0,,0,,0,,0,,0,,0,,0,,0,0,0,0,0,0,0,0,0,1,0,0,0,0,0,0
20181208,2,"['casey,bobby', 'feinberg,henry', 'heskett,james', 'kempton,michael', 'scadlock,kyle']",03:24,03:11,0,,0,,0,,0,,0,,0,,0,,0,,0,,0,,0,,0,,0,,0,,0,,0,,1,1,0,0,1,1,0,0,0,0,0,0,0,0,0,2
20181208,2,"['casey,bobby', 'feinberg,henry', 'heskett,james', 'kempton,michael', 'scadlock,kyle']",03:11,03:11,0,,0,,0,,0,,0,,0,,0,,0,,0,,0,,0,,0,,0,,0,,0,,0,,0,0,0,0,0,0,0,0,0,0,1,0,0,0,0,0
20181208,2,"['casey,bobby', 'feinberg,henry', 'heskett,james', 'karpowicz,matt', 'scadlock,kyle']",03:09,02:44,0,,0,,0,,0,,0,,0,,0,,0,,0,,0,,0,,0,,0,,0,,0,,0,,0,0,0,0,0,0,0,0,0,0,0,0,0,1,0,0
20181208,2,"['casey,bobby', 'feinberg,henry', 'heskett,james', 'karpowicz,matt', 'scadlock,kyle']",02:44,02:44,0,,0,,0,,0,,0,,0,,1,"casey,bobby",1,"casey,bobby",0,,0,,0,,0,,0,,0,,0,,1,"casey,bobby",0,0,0,0,0,0,0,0,0,0,0,0,0,0,0,0
20181208,2,"['casey,bobby', 'feinberg,henry', 'heskett,james', 'karpowicz,matt', 'scadlock,kyle']",02:44,02:44,0,,0,,0,,0,,0,,0,,1,"casey,bobby",1,"casey,bobby",0,,0,,0,,0,,0,,0,,0,,1,"casey,bobby",0,0,0,0,0,0,0,0,0,0,0,0,0,0,0,0
20181208,2,"['casey,bobby', 'feinberg,henry', 'heskett,james', 'kempton,michael', 'scadlock,kyle']",02:44,02:29,0,,0,,0,,0,,0,,0,,0,,0,,0,,0,,0,,0,,0,,1,"scadlock,kyle",0,,0,,0,0,0,0,0,0,0,0,0,0,0,0,0,0,0,0
20181208,2,"['casey,bobby', 'feinberg,henry', 'heskett,james', 'kempton,michael', 'scadlock,kyle']",02:29,02:24,0,,0,,0,,0,,0,,0,,0,,0,,0,,0,,0,,0,,0,,0,,0,,0,,0,0,1,1,1,1,0,0,0,0,0,0,0,0,0,3
20181208,2,"['casey,bobby', 'feinberg,henry', 'heskett,james', 'kempton,michael', 'scadlock,kyle']",02:24,02:24,0,,0,,0,,0,,0,,0,,0,,0,,0,,0,,0,,0,,0,,0,,0,,0,,0,0,0,0,0,0,0,0,0,0,1,0,0,0,0,0
20181208,2,"['casey,bobby', 'feinberg,henry', 'heskett,james', 'kempton,michael', 'scadlock,kyle']",02:24,02:10,0,,0,,0,,0,,0,,0,,0,,0,,0,,0,,0,,1,"casey,bobby",0,,0,,0,,0,,0,0,0,0,0,0,0,0,0,0,0,0,0,0,0,0
20181208,2,"['casey,bobby', 'feinberg,henry', 'heskett,james', 'kempton,michael', 'scadlock,kyle']",02:10,02:09,0,,0,,0,,0,,0,,0,,0,,0,,0,,0,,0,,0,,0,,0,,0,,0,,0,0,0,0,0,0,0,0,0,0,0,0,1,0,0,0
20181208,2,"['casey,bobby', 'feinberg,henry', 'heskett,james', 'kempton,michael', 'scadlock,kyle']",02:09,02:07,0,,0,,0,,0,,0,,0,,0,,0,,0,,0,,0,,0,,0,,0,,0,,0,,1,0,0,0,1,0,0,0,0,0,0,0,0,0,0,0
20181208,2,"['casey,bobby', 'feinberg,henry', 'heskett,james', 'kempton,michael', 'scadlock,kyle']",02:07,02:07,0,,0,,0,,0,,0,,0,,0,,0,,0,,1,"scadlock,kyle",0,,0,,0,,0,,0,,0,,0,0,0,0,0,0,0,0,0,0,0,0,0,0,0,0
20181208,2,"['casey,bobby', 'feinberg,henry', 'heskett,james', 'kempton,michael', 'scadlock,kyle']",02:07,01:53,1,"casey,bobby",1,"casey,bobby",0,,0,,1,"casey,bobby",1,"casey,bobby",0,,0,,0,,0,,0,,0,,0,,0,,0,,2,"casey,bobby",0,0,0,0,0,0,0,0,0,0,0,0,0,0,0,0
20181208,2,"['casey,bobby', 'feinberg,henry', 'heskett,james', 'kempton,michael', 'scadlock,kyle']",01:53,01:31,0,,0,,0,,0,,0,,0,,0,,0,,0,,0,,0,,0,,0,,0,,0,,0,,0,0,1,0,1,0,0,0,0,0,0,0,0,0,0,0
20181208,2,"['casey,bobby', 'feinberg,henry', 'heskett,james', 'kempton,michael', 'scadlock,kyle']",01:31,01:31,0,,0,,0,,0,,0,,0,,0,,0,,0,,1,"scadlock,kyle",0,,0,,0,,0,,0,,0,,0,0,0,0,0,0,0,0,0,0,0,0,0,0,0,0
20181208,2,"['casey,bobby', 'feinberg,henry', 'heskett,james', 'kempton,michael', 'scadlock,kyle']",01:31,01:10,0,,0,,1,"casey,bobby",0,,1,"casey,bobby",0,,0,,0,,0,,0,,0,,0,,0,,0,,0,,0,,0,0,0,0,0,0,0,0,0,0,0,0,0,0,0,0
20181208,2,"['casey,bobby', 'feinberg,henry', 'heskett,james', 'kempton,michael', 'scadlock,kyle']",01:10,01:10,0,,0,,0,,0,,0,,0,,0,,0,,0,,0,,0,,0,,0,,0,,0,,0,,0,0,0,0,0,0,0,0,0,1,0,0,0,0,0,0
20181208,2,"['casey,bobby', 'feinberg,henry', 'heskett,james', 'kempton,michael', 'scadlock,kyle']",00:56,00:35,0,,0,,0,,0,,0,,0,,0,,0,,0,,0,,0,,0,,0,,0,,0,,0,,0,0,1,0,1,0,0,0,0,0,0,0,0,0,0,0
20181208,2,"['casey,bobby', 'feinberg,henry', 'heskett,james', 'kempton,michael', 'scadlock,kyle']",00:35,00:35,0,,0,,0,,0,,0,,0,,0,,0,,0,,1,"scadlock,kyle",0,,0,,0,,0,,0,,0,,0,0,0,0,0,0,0,0,0,0,0,0,0,0,0,0
20181208,2,"['casey,bobby', 'feinberg,henry', 'heskett,james', 'kempton,michael', 'scadlock,kyle']",00:35,00:20,0,,0,,0,,0,,0,,0,,0,,0,,0,,0,,0,,0,,0,,0,,0,,0,,0,0,0,0,0,0,0,0,0,0,0,0,0,1,0,0
20181208,2,"['casey,bobby', 'feinberg,henry', 'heskett,james', 'kempton,michael', 'scadlock,kyle']",00:20,00:20,0,,0,,0,,0,,0,,0,,1,"casey,bobby",0,,0,,0,,0,,0,,0,,0,,0,,0,,0,0,0,0,0,0,0,0,0,0,0,0,0,0,0,0
20181208,2,"['casey,bobby', 'feinberg,henry', 'heskett,james', 'kempton,michael', 'scadlock,kyle']",00:20,00:20,0,,0,,0,,0,,0,,0,,0,,0,,0,,0,,0,,0,,0,,0,,0,,0,,0,0,0,0,0,0,0,0,0,1,0,0,0,0,0,0
20181208,2,"['casey,bobby', 'feinberg,henry', 'heskett,james', 'kempton,michael', 'scadlock,kyle']",00:20,00:10,0,,0,,0,,0,,0,,0,,0,,0,,0,,0,,0,,0,,0,,0,,0,,0,,0,0,0,0,0,0,0,0,0,0,0,1,0,0,0,0
20181208,2,"['casey,bobby', 'feinberg,henry', 'heskett,james', 'kempton,michael', 'scadlock,kyle']",00:10,00:09,0,,0,,0,,0,,0,,0,,0,,0,,0,,0,,0,,0,,1,"casey,bobby",0,,0,,0,,0,0,0,0,0,0,0,0,0,0,0,0,0,0,0,0
20181208,2,"['casey,bobby', 'feinberg,henry', 'heskett,james', 'kempton,michael', 'scadlock,kyle']",00:09,00:09,0,,0,,0,,0,,0,,0,,0,,0,,0,,0,,0,,0,,0,,0,,0,,0,,0,0,0,0,0,0,0,0,0,0,0,0,0,1,0,0
20181208,2,"['casey,bobby', 'feinberg,henry', 'heskett,james', 'kempton,michael', 'scadlock,kyle']",00:09,00:09,0,,0,,0,,0,,0,,0,,1,"feinberg,henry",0,,0,,0,,0,,0,,0,,0,,0,,0,,0,0,0,0,0,0,0,0,0,0,0,0,0,0,0,0
20181208,2,"['casey,bobby', 'feinberg,henry', 'heskett,james', 'kempton,michael', 'scadlock,kyle']",00:09,00:09,0,,0,,0,,0,,0,,0,,0,,0,,0,,0,,0,,0,,0,,0,,0,,0,,0,0,0,0,0,0,0,0,0,1,0,0,0,0,0,0
20181208,2,"['casey,bobby', 'feinberg,henry', 'heskett,james', 'kempton,michael', 'scadlock,kyle']",00:09,00:04,0,,0,,0,,0,,0,,0,,0,,0,,0,,0,,0,,0,,0,,0,,0,,0,,0,0,1,0,1,0,0,0,0,0,0,0,0,0,0,0
20181208,2,"['casey,bobby', 'feinberg,henry', 'heskett,james', 'kempton,michael', 'scadlock,kyle']",00:04,00:04,0,,0,,0,,0,,0,,0,,0,,0,,0,,1,"feinberg,henry",0,,0,,0,,0,,0,,0,,0,0,0,0,0,0,0,0,0,0,0,0,0,0,0,0
20181208,2,"['casey,bobby', 'feinberg,henry', 'heskett,james', 'kempton,michael', 'scadlock,kyle']",00:04,00:00,0,,0,,0,,0,,0,,0,,0,,0,,0,,0,,0,,0,,0,,0,,0,,0,,0,0,0,0,0,0,0,0,0,0,0,0,0,0,0,0
